1920
5
105.698 74.6318 246.683 277.184 0.998599 
-1 -1 -1 -1 -1 
-1 -1 -1 -1 -1 
-1 -1 -1 -1 -1 
-1 -1 -1 -1 -1 
-1 -1 -1 -1 -1 
-1 -1 -1 -1 -1 
-1 -1 -1 -1 -1 
-1 -1 -1 -1 -1 
-1 -1 -1 -1 -1 
89.3511 98.2487 256.905 275.653 0.993212 
119.289 264.217 242.377 339.44 0.903483 
-1 -1 -1 -1 -1 
-1 -1 -1 -1 -1 
-1 -1 -1 -1 -1 
-1 -1 -1 -1 -1 
-1 -1 -1 -1 -1 
-1 -1 -1 -1 -1 
-1 -1 -1 -1 -1 
-1 -1 -1 -1 -1 
62.7452 113.817 282.558 328.287 0.996934 
-1 -1 -1 -1 -1 
-1 -1 -1 -1 -1 
-1 -1 -1 -1 -1 
-1 -1 -1 -1 -1 
-1 -1 -1 -1 -1 
-1 -1 -1 -1 -1 
-1 -1 -1 -1 -1 
-1 -1 -1 -1 -1 
-1 -1 -1 -1 -1 
115.149 130.744 238.182 254.943 0.989394 
87.5557 246.316 294.193 346.425 0.685797 
-1 -1 -1 -1 -1 
-1 -1 -1 -1 -1 
-1 -1 -1 -1 -1 
-1 -1 -1 -1 -1 
-1 -1 -1 -1 -1 
-1 -1 -1 -1 -1 
-1 -1 -1 -1 -1 
-1 -1 -1 -1 -1 
63.3956 99.7398 259.78 339.56 0.992574 
156.826 41.3769 306.098 335.884 0.235074 
-1 -1 -1 -1 -1 
-1 -1 -1 -1 -1 
-1 -1 -1 -1 -1 
-1 -1 -1 -1 -1 
-1 -1 -1 -1 -1 
-1 -1 -1 -1 -1 
-1 -1 -1 -1 -1 
-1 -1 -1 -1 -1 
111.183 106.167 245.899 330.133 0.936524 
135.668 180.38 263.862 317.166 0.207633 
-1 -1 -1 -1 -1 
-1 -1 -1 -1 -1 
-1 -1 -1 -1 -1 
-1 -1 -1 -1 -1 
-1 -1 -1 -1 -1 
-1 -1 -1 -1 -1 
-1 -1 -1 -1 -1 
-1 -1 -1 -1 -1 
44.184 14.9486 289.342 323.297 0.993199 
187.566 0.0 301.222 195.214 0.32507 
108.967 168.101 267.282 307.709 0.200405 
-1 -1 -1 -1 -1 
-1 -1 -1 -1 -1 
-1 -1 -1 -1 -1 
-1 -1 -1 -1 -1 
-1 -1 -1 -1 -1 
-1 -1 -1 -1 -1 
-1 -1 -1 -1 -1 
73.496 95.4297 260.601 342.437 0.993263 
-1 -1 -1 -1 -1 
-1 -1 -1 -1 -1 
-1 -1 -1 -1 -1 
-1 -1 -1 -1 -1 
-1 -1 -1 -1 -1 
-1 -1 -1 -1 -1 
-1 -1 -1 -1 -1 
-1 -1 -1 -1 -1 
-1 -1 -1 -1 -1 
107.98 77.0033 268.451 344.61 0.98122 
-1 -1 -1 -1 -1 
-1 -1 -1 -1 -1 
-1 -1 -1 -1 -1 
-1 -1 -1 -1 -1 
-1 -1 -1 -1 -1 
-1 -1 -1 -1 -1 
-1 -1 -1 -1 -1 
-1 -1 -1 -1 -1 
-1 -1 -1 -1 -1 
108.24 83.0989 256.476 341.485 0.988442 
89.069 162.689 254.743 330.008 0.104151 
-1 -1 -1 -1 -1 
-1 -1 -1 -1 -1 
-1 -1 -1 -1 -1 
-1 -1 -1 -1 -1 
-1 -1 -1 -1 -1 
-1 -1 -1 -1 -1 
-1 -1 -1 -1 -1 
-1 -1 -1 -1 -1 
99.3969 86.1843 252.738 311.851 0.995384 
-1 -1 -1 -1 -1 
-1 -1 -1 -1 -1 
-1 -1 -1 -1 -1 
-1 -1 -1 -1 -1 
-1 -1 -1 -1 -1 
-1 -1 -1 -1 -1 
-1 -1 -1 -1 -1 
-1 -1 -1 -1 -1 
-1 -1 -1 -1 -1 
71.7747 90.093 225.326 259.383 0.98528 
70.9696 218.751 249.751 313.007 0.928652 
-1 -1 -1 -1 -1 
-1 -1 -1 -1 -1 
-1 -1 -1 -1 -1 
-1 -1 -1 -1 -1 
-1 -1 -1 -1 -1 
-1 -1 -1 -1 -1 
-1 -1 -1 -1 -1 
-1 -1 -1 -1 -1 
89.6999 63.9658 286.2 300.942 0.975622 
50.2628 141.999 282.203 311.153 0.37641 
15.047 87.9965 94.1464 150.971 0.154983 
12.7557 111.415 123.581 322.205 0.134061 
-1 -1 -1 -1 -1 
-1 -1 -1 -1 -1 
-1 -1 -1 -1 -1 
-1 -1 -1 -1 -1 
-1 -1 -1 -1 -1 
-1 -1 -1 -1 -1 
122.94 90.9435 252.998 261.361 0.986766 
137.217 236.61 237.032 348.568 0.368427 
57.9468 119.106 159.223 325.069 0.340393 
207.358 170.195 318.672 320.554 0.286576 
-1 -1 -1 -1 -1 
-1 -1 -1 -1 -1 
-1 -1 -1 -1 -1 
-1 -1 -1 -1 -1 
-1 -1 -1 -1 -1 
-1 -1 -1 -1 -1 
91.8405 104.208 258.007 274.358 0.988873 
113.897 235.344 228.407 333.496 0.780818 
-1 -1 -1 -1 -1 
-1 -1 -1 -1 -1 
-1 -1 -1 -1 -1 
-1 -1 -1 -1 -1 
-1 -1 -1 -1 -1 
-1 -1 -1 -1 -1 
-1 -1 -1 -1 -1 
-1 -1 -1 -1 -1 
98.3279 14.5587 255.53 209.751 0.965378 
107.473 162.03 228.846 349.0 0.956984 
86.9441 54.5237 259.688 192.488 0.256478 
-1 -1 -1 -1 -1 
-1 -1 -1 -1 -1 
-1 -1 -1 -1 -1 
-1 -1 -1 -1 -1 
-1 -1 -1 -1 -1 
-1 -1 -1 -1 -1 
-1 -1 -1 -1 -1 
94.9134 91.7455 278.191 346.506 0.994659 
-1 -1 -1 -1 -1 
-1 -1 -1 -1 -1 
-1 -1 -1 -1 -1 
-1 -1 -1 -1 -1 
-1 -1 -1 -1 -1 
-1 -1 -1 -1 -1 
-1 -1 -1 -1 -1 
-1 -1 -1 -1 -1 
-1 -1 -1 -1 -1 
101.658 90.8672 255.085 338.456 0.996428 
-1 -1 -1 -1 -1 
-1 -1 -1 -1 -1 
-1 -1 -1 -1 -1 
-1 -1 -1 -1 -1 
-1 -1 -1 -1 -1 
-1 -1 -1 -1 -1 
-1 -1 -1 -1 -1 
-1 -1 -1 -1 -1 
-1 -1 -1 -1 -1 
119.601 89.0227 256.636 297.053 0.995394 
150.962 293.102 225.915 348.191 0.190633 
-1 -1 -1 -1 -1 
-1 -1 -1 -1 -1 
-1 -1 -1 -1 -1 
-1 -1 -1 -1 -1 
-1 -1 -1 -1 -1 
-1 -1 -1 -1 -1 
-1 -1 -1 -1 -1 
-1 -1 -1 -1 -1 
124.327 99.0871 303.051 341.52 0.987142 
53.1661 20.0509 211.583 259.7 0.716671 
29.9301 59.702 257.905 245.284 0.210438 
53.6929 138.512 325.591 317.099 0.116391 
-1 -1 -1 -1 -1 
-1 -1 -1 -1 -1 
-1 -1 -1 -1 -1 
-1 -1 -1 -1 -1 
-1 -1 -1 -1 -1 
-1 -1 -1 -1 -1 
103.516 95.7719 276.237 337.405 0.994636 
-1 -1 -1 -1 -1 
-1 -1 -1 -1 -1 
-1 -1 -1 -1 -1 
-1 -1 -1 -1 -1 
-1 -1 -1 -1 -1 
-1 -1 -1 -1 -1 
-1 -1 -1 -1 -1 
-1 -1 -1 -1 -1 
-1 -1 -1 -1 -1 
105.771 92.2025 284.21 302.703 0.99541 
-1 -1 -1 -1 -1 
-1 -1 -1 -1 -1 
-1 -1 -1 -1 -1 
-1 -1 -1 -1 -1 
-1 -1 -1 -1 -1 
-1 -1 -1 -1 -1 
-1 -1 -1 -1 -1 
-1 -1 -1 -1 -1 
-1 -1 -1 -1 -1 
23.2423 14.9674 348.988 333.756 0.993251 
16.5715 72.0425 133.636 281.528 0.209914 
79.0422 196.873 314.107 321.162 0.130527 
216.81 94.3243 347.131 313.419 0.113549 
-1 -1 -1 -1 -1 
-1 -1 -1 -1 -1 
-1 -1 -1 -1 -1 
-1 -1 -1 -1 -1 
-1 -1 -1 -1 -1 
-1 -1 -1 -1 -1 
97.4222 79.3074 282.472 349.0 0.995812 
110.067 59.96 204.08 230.251 0.503699 
-1 -1 -1 -1 -1 
-1 -1 -1 -1 -1 
-1 -1 -1 -1 -1 
-1 -1 -1 -1 -1 
-1 -1 -1 -1 -1 
-1 -1 -1 -1 -1 
-1 -1 -1 -1 -1 
-1 -1 -1 -1 -1 
105.299 80.974 263.629 284.196 0.990523 
135.033 247.738 243.824 299.707 0.453527 
-1 -1 -1 -1 -1 
-1 -1 -1 -1 -1 
-1 -1 -1 -1 -1 
-1 -1 -1 -1 -1 
-1 -1 -1 -1 -1 
-1 -1 -1 -1 -1 
-1 -1 -1 -1 -1 
-1 -1 -1 -1 -1 
89.3747 95.902 257.873 347.019 0.993279 
-1 -1 -1 -1 -1 
-1 -1 -1 -1 -1 
-1 -1 -1 -1 -1 
-1 -1 -1 -1 -1 
-1 -1 -1 -1 -1 
-1 -1 -1 -1 -1 
-1 -1 -1 -1 -1 
-1 -1 -1 -1 -1 
-1 -1 -1 -1 -1 
90.8707 93.0494 277.16 324.311 0.882201 
132.791 93.1307 236.316 214.455 0.21011 
106.623 168.408 270.874 318.934 0.158824 
-1 -1 -1 -1 -1 
-1 -1 -1 -1 -1 
-1 -1 -1 -1 -1 
-1 -1 -1 -1 -1 
-1 -1 -1 -1 -1 
-1 -1 -1 -1 -1 
-1 -1 -1 -1 -1 
97.3647 103.038 298.477 326.461 0.994295 
16.9623 30.6409 186.8 332.452 0.306094 
-1 -1 -1 -1 -1 
-1 -1 -1 -1 -1 
-1 -1 -1 -1 -1 
-1 -1 -1 -1 -1 
-1 -1 -1 -1 -1 
-1 -1 -1 -1 -1 
-1 -1 -1 -1 -1 
-1 -1 -1 -1 -1 
74.6075 112.976 268.079 326.179 0.994183 
172.682 169.568 249.756 303.875 0.160501 
-1 -1 -1 -1 -1 
-1 -1 -1 -1 -1 
-1 -1 -1 -1 -1 
-1 -1 -1 -1 -1 
-1 -1 -1 -1 -1 
-1 -1 -1 -1 -1 
-1 -1 -1 -1 -1 
-1 -1 -1 -1 -1 
101.525 59.5927 262.423 293.977 0.992417 
92.3603 119.098 298.53 277.947 0.105033 
-1 -1 -1 -1 -1 
-1 -1 -1 -1 -1 
-1 -1 -1 -1 -1 
-1 -1 -1 -1 -1 
-1 -1 -1 -1 -1 
-1 -1 -1 -1 -1 
-1 -1 -1 -1 -1 
-1 -1 -1 -1 -1 
114.162 97.1839 251.133 301.702 0.977511 
236.184 0.0 349.0 302.938 0.113712 
-1 -1 -1 -1 -1 
-1 -1 -1 -1 -1 
-1 -1 -1 -1 -1 
-1 -1 -1 -1 -1 
-1 -1 -1 -1 -1 
-1 -1 -1 -1 -1 
-1 -1 -1 -1 -1 
-1 -1 -1 -1 -1 
69.7416 88.509 259.274 337.452 0.984773 
49.3579 50.2359 194.188 344.075 0.628649 
-1 -1 -1 -1 -1 
-1 -1 -1 -1 -1 
-1 -1 -1 -1 -1 
-1 -1 -1 -1 -1 
-1 -1 -1 -1 -1 
-1 -1 -1 -1 -1 
-1 -1 -1 -1 -1 
-1 -1 -1 -1 -1 
102.399 96.1503 265.2 282.543 0.98784 
124.796 249.598 251.408 328.413 0.291155 
-1 -1 -1 -1 -1 
-1 -1 -1 -1 -1 
-1 -1 -1 -1 -1 
-1 -1 -1 -1 -1 
-1 -1 -1 -1 -1 
-1 -1 -1 -1 -1 
-1 -1 -1 -1 -1 
-1 -1 -1 -1 -1 
63.8319 50.8872 271.809 327.962 0.984439 
252.381 8.48581 333.316 217.048 0.30692 
95.9786 34.2837 299.493 142.268 0.122529 
-1 -1 -1 -1 -1 
-1 -1 -1 -1 -1 
-1 -1 -1 -1 -1 
-1 -1 -1 -1 -1 
-1 -1 -1 -1 -1 
-1 -1 -1 -1 -1 
-1 -1 -1 -1 -1 
150.073 64.1199 339.244 346.735 0.998919 
13.5607 46.4475 125.885 335.684 0.720204 
76.4519 39.7626 228.471 335.187 0.643971 
-1 -1 -1 -1 -1 
-1 -1 -1 -1 -1 
-1 -1 -1 -1 -1 
-1 -1 -1 -1 -1 
-1 -1 -1 -1 -1 
-1 -1 -1 -1 -1 
-1 -1 -1 -1 -1 
77.2223 91.6865 253.539 348.53 0.996148 
-1 -1 -1 -1 -1 
-1 -1 -1 -1 -1 
-1 -1 -1 -1 -1 
-1 -1 -1 -1 -1 
-1 -1 -1 -1 -1 
-1 -1 -1 -1 -1 
-1 -1 -1 -1 -1 
-1 -1 -1 -1 -1 
-1 -1 -1 -1 -1 
67.9996 93.7528 276.964 342.237 0.960021 
179.959 138.202 256.027 333.189 0.155763 
80.8289 159.899 150.834 341.958 0.155124 
122.059 225.692 195.581 343.83 0.122445 
-1 -1 -1 -1 -1 
-1 -1 -1 -1 -1 
-1 -1 -1 -1 -1 
-1 -1 -1 -1 -1 
-1 -1 -1 -1 -1 
-1 -1 -1 -1 -1 
102.897 116.354 284.984 346.215 0.996593 
-1 -1 -1 -1 -1 
-1 -1 -1 -1 -1 
-1 -1 -1 -1 -1 
-1 -1 -1 -1 -1 
-1 -1 -1 -1 -1 
-1 -1 -1 -1 -1 
-1 -1 -1 -1 -1 
-1 -1 -1 -1 -1 
-1 -1 -1 -1 -1 
85.5183 111.87 260.9 327.611 0.995037 
75.414 188.524 247.962 341.894 0.198482 
-1 -1 -1 -1 -1 
-1 -1 -1 -1 -1 
-1 -1 -1 -1 -1 
-1 -1 -1 -1 -1 
-1 -1 -1 -1 -1 
-1 -1 -1 -1 -1 
-1 -1 -1 -1 -1 
-1 -1 -1 -1 -1 
102.359 86.8101 245.367 290.679 0.993218 
115.549 247.964 239.34 325.239 0.123242 
-1 -1 -1 -1 -1 
-1 -1 -1 -1 -1 
-1 -1 -1 -1 -1 
-1 -1 -1 -1 -1 
-1 -1 -1 -1 -1 
-1 -1 -1 -1 -1 
-1 -1 -1 -1 -1 
-1 -1 -1 -1 -1 
93.2025 95.7387 260.728 255.65 0.994636 
110.252 255.442 228.264 329.179 0.892571 
-1 -1 -1 -1 -1 
-1 -1 -1 -1 -1 
-1 -1 -1 -1 -1 
-1 -1 -1 -1 -1 
-1 -1 -1 -1 -1 
-1 -1 -1 -1 -1 
-1 -1 -1 -1 -1 
-1 -1 -1 -1 -1 
65.8352 103.502 300.11 301.35 0.87352 
98.8734 97.9565 186.631 249.332 0.260933 
93.7219 195.613 300.851 314.262 0.225116 
185.875 5.04872 303.249 229.868 0.213905 
-1 -1 -1 -1 -1 
-1 -1 -1 -1 -1 
-1 -1 -1 -1 -1 
-1 -1 -1 -1 -1 
-1 -1 -1 -1 -1 
-1 -1 -1 -1 -1 
27.7193 3.74763 238.332 339.014 0.970411 
74.0896 16.0342 252.754 314.746 0.53351 
-1 -1 -1 -1 -1 
-1 -1 -1 -1 -1 
-1 -1 -1 -1 -1 
-1 -1 -1 -1 -1 
-1 -1 -1 -1 -1 
-1 -1 -1 -1 -1 
-1 -1 -1 -1 -1 
-1 -1 -1 -1 -1 
89.7807 83.5542 301.525 298.809 0.986101 
101.074 177.764 201.029 316.905 0.700527 
111.752 77.8216 205.631 209.913 0.361816 
150.47 65.6572 305.885 304.087 0.161219 
-1 -1 -1 -1 -1 
-1 -1 -1 -1 -1 
-1 -1 -1 -1 -1 
-1 -1 -1 -1 -1 
-1 -1 -1 -1 -1 
-1 -1 -1 -1 -1 
88.9098 99.9061 259.393 334.653 0.986221 
-1 -1 -1 -1 -1 
-1 -1 -1 -1 -1 
-1 -1 -1 -1 -1 
-1 -1 -1 -1 -1 
-1 -1 -1 -1 -1 
-1 -1 -1 -1 -1 
-1 -1 -1 -1 -1 
-1 -1 -1 -1 -1 
-1 -1 -1 -1 -1 
108.054 71.3824 278.397 339.354 0.99682 
-1 -1 -1 -1 -1 
-1 -1 -1 -1 -1 
-1 -1 -1 -1 -1 
-1 -1 -1 -1 -1 
-1 -1 -1 -1 -1 
-1 -1 -1 -1 -1 
-1 -1 -1 -1 -1 
-1 -1 -1 -1 -1 
-1 -1 -1 -1 -1 
4.10471 104.085 308.687 306.579 0.983938 
3.51863 43.4013 150.232 327.948 0.828799 
60.1971 21.667 288.359 318.297 0.288786 
-1 -1 -1 -1 -1 
-1 -1 -1 -1 -1 
-1 -1 -1 -1 -1 
-1 -1 -1 -1 -1 
-1 -1 -1 -1 -1 
-1 -1 -1 -1 -1 
-1 -1 -1 -1 -1 
25.4413 56.3551 349.0 343.606 0.975761 
209.315 106.514 320.17 343.226 0.385404 
9.97864 69.2857 113.242 316.556 0.219548 
14.8432 12.4015 286.622 170.329 0.170356 
-1 -1 -1 -1 -1 
-1 -1 -1 -1 -1 
-1 -1 -1 -1 -1 
-1 -1 -1 -1 -1 
-1 -1 -1 -1 -1 
-1 -1 -1 -1 -1 
94.1872 72.6489 263.769 248.123 0.888504 
111.633 208.121 235.37 326.885 0.835496 
123.788 161.919 223.245 231.043 0.298939 
-1 -1 -1 -1 -1 
-1 -1 -1 -1 -1 
-1 -1 -1 -1 -1 
-1 -1 -1 -1 -1 
-1 -1 -1 -1 -1 
-1 -1 -1 -1 -1 
-1 -1 -1 -1 -1 
108.437 82.6124 249.012 343.862 0.996941 
-1 -1 -1 -1 -1 
-1 -1 -1 -1 -1 
-1 -1 -1 -1 -1 
-1 -1 -1 -1 -1 
-1 -1 -1 -1 -1 
-1 -1 -1 -1 -1 
-1 -1 -1 -1 -1 
-1 -1 -1 -1 -1 
-1 -1 -1 -1 -1 
71.8086 105.922 282.654 341.87 0.994401 
-1 -1 -1 -1 -1 
-1 -1 -1 -1 -1 
-1 -1 -1 -1 -1 
-1 -1 -1 -1 -1 
-1 -1 -1 -1 -1 
-1 -1 -1 -1 -1 
-1 -1 -1 -1 -1 
-1 -1 -1 -1 -1 
-1 -1 -1 -1 -1 
55.5874 115.003 282.078 327.603 0.99709 
155.431 78.201 318.986 315.268 0.676236 
213.561 59.462 307.549 319.58 0.338915 
-1 -1 -1 -1 -1 
-1 -1 -1 -1 -1 
-1 -1 -1 -1 -1 
-1 -1 -1 -1 -1 
-1 -1 -1 -1 -1 
-1 -1 -1 -1 -1 
-1 -1 -1 -1 -1 
94.6219 100.343 248.711 295.192 0.988958 
104.599 143.242 236.85 318.983 0.110696 
-1 -1 -1 -1 -1 
-1 -1 -1 -1 -1 
-1 -1 -1 -1 -1 
-1 -1 -1 -1 -1 
-1 -1 -1 -1 -1 
-1 -1 -1 -1 -1 
-1 -1 -1 -1 -1 
-1 -1 -1 -1 -1 
101.441 104.977 269.387 330.617 0.992685 
-1 -1 -1 -1 -1 
-1 -1 -1 -1 -1 
-1 -1 -1 -1 -1 
-1 -1 -1 -1 -1 
-1 -1 -1 -1 -1 
-1 -1 -1 -1 -1 
-1 -1 -1 -1 -1 
-1 -1 -1 -1 -1 
-1 -1 -1 -1 -1 
89.9071 83.5134 252.552 348.355 0.997011 
-1 -1 -1 -1 -1 
-1 -1 -1 -1 -1 
-1 -1 -1 -1 -1 
-1 -1 -1 -1 -1 
-1 -1 -1 -1 -1 
-1 -1 -1 -1 -1 
-1 -1 -1 -1 -1 
-1 -1 -1 -1 -1 
-1 -1 -1 -1 -1 
113.428 115.534 275.12 319.921 0.998141 
-1 -1 -1 -1 -1 
-1 -1 -1 -1 -1 
-1 -1 -1 -1 -1 
-1 -1 -1 -1 -1 
-1 -1 -1 -1 -1 
-1 -1 -1 -1 -1 
-1 -1 -1 -1 -1 
-1 -1 -1 -1 -1 
-1 -1 -1 -1 -1 
94.0787 98.5141 258.385 282.457 0.993331 
102.219 241.945 248.313 315.089 0.710778 
-1 -1 -1 -1 -1 
-1 -1 -1 -1 -1 
-1 -1 -1 -1 -1 
-1 -1 -1 -1 -1 
-1 -1 -1 -1 -1 
-1 -1 -1 -1 -1 
-1 -1 -1 -1 -1 
-1 -1 -1 -1 -1 
96.0054 81.6276 268.271 304.409 0.995141 
-1 -1 -1 -1 -1 
-1 -1 -1 -1 -1 
-1 -1 -1 -1 -1 
-1 -1 -1 -1 -1 
-1 -1 -1 -1 -1 
-1 -1 -1 -1 -1 
-1 -1 -1 -1 -1 
-1 -1 -1 -1 -1 
-1 -1 -1 -1 -1 
103.698 87.2285 261.106 315.628 0.995264 
129.324 252.343 244.657 330.27 0.610662 
-1 -1 -1 -1 -1 
-1 -1 -1 -1 -1 
-1 -1 -1 -1 -1 
-1 -1 -1 -1 -1 
-1 -1 -1 -1 -1 
-1 -1 -1 -1 -1 
-1 -1 -1 -1 -1 
-1 -1 -1 -1 -1 
61.5978 100.909 280.049 320.669 0.992481 
72.6792 49.1782 180.703 229.583 0.33675 
-1 -1 -1 -1 -1 
-1 -1 -1 -1 -1 
-1 -1 -1 -1 -1 
-1 -1 -1 -1 -1 
-1 -1 -1 -1 -1 
-1 -1 -1 -1 -1 
-1 -1 -1 -1 -1 
-1 -1 -1 -1 -1 
115.945 101.283 266.421 315.581 0.97394 
67.0805 105.417 172.059 329.364 0.204967 
163.192 193.737 246.36 307.503 0.203642 
88.249 216.461 244.531 275.286 0.193384 
-1 -1 -1 -1 -1 
-1 -1 -1 -1 -1 
-1 -1 -1 -1 -1 
-1 -1 -1 -1 -1 
-1 -1 -1 -1 -1 
-1 -1 -1 -1 -1 
113.776 71.5977 291.687 327.515 0.998618 
0.0 0.0 127.617 269.887 0.406612 
107.355 79.0658 291.853 288.052 0.11279 
-1 -1 -1 -1 -1 
-1 -1 -1 -1 -1 
-1 -1 -1 -1 -1 
-1 -1 -1 -1 -1 
-1 -1 -1 -1 -1 
-1 -1 -1 -1 -1 
-1 -1 -1 -1 -1 
96.3288 89.1209 253.22 329.808 0.994241 
-1 -1 -1 -1 -1 
-1 -1 -1 -1 -1 
-1 -1 -1 -1 -1 
-1 -1 -1 -1 -1 
-1 -1 -1 -1 -1 
-1 -1 -1 -1 -1 
-1 -1 -1 -1 -1 
-1 -1 -1 -1 -1 
-1 -1 -1 -1 -1 
101.985 100.111 254.033 330.083 0.974519 
-1 -1 -1 -1 -1 
-1 -1 -1 -1 -1 
-1 -1 -1 -1 -1 
-1 -1 -1 -1 -1 
-1 -1 -1 -1 -1 
-1 -1 -1 -1 -1 
-1 -1 -1 -1 -1 
-1 -1 -1 -1 -1 
-1 -1 -1 -1 -1 
108.28 123.719 296.245 346.344 0.997541 
77.9252 211.392 188.754 326.342 0.116262 
-1 -1 -1 -1 -1 
-1 -1 -1 -1 -1 
-1 -1 -1 -1 -1 
-1 -1 -1 -1 -1 
-1 -1 -1 -1 -1 
-1 -1 -1 -1 -1 
-1 -1 -1 -1 -1 
-1 -1 -1 -1 -1 
114.856 78.2704 253.603 313.501 0.994756 
-1 -1 -1 -1 -1 
-1 -1 -1 -1 -1 
-1 -1 -1 -1 -1 
-1 -1 -1 -1 -1 
-1 -1 -1 -1 -1 
-1 -1 -1 -1 -1 
-1 -1 -1 -1 -1 
-1 -1 -1 -1 -1 
-1 -1 -1 -1 -1 
76.9946 90.4246 275.147 304.324 0.994117 
-1 -1 -1 -1 -1 
-1 -1 -1 -1 -1 
-1 -1 -1 -1 -1 
-1 -1 -1 -1 -1 
-1 -1 -1 -1 -1 
-1 -1 -1 -1 -1 
-1 -1 -1 -1 -1 
-1 -1 -1 -1 -1 
-1 -1 -1 -1 -1 
104.034 97.091 246.377 312.714 0.989592 
199.582 25.1077 302.962 266.873 0.120239 
-1 -1 -1 -1 -1 
-1 -1 -1 -1 -1 
-1 -1 -1 -1 -1 
-1 -1 -1 -1 -1 
-1 -1 -1 -1 -1 
-1 -1 -1 -1 -1 
-1 -1 -1 -1 -1 
-1 -1 -1 -1 -1 
81.882 86.9831 248.216 326.268 0.998351 
-1 -1 -1 -1 -1 
-1 -1 -1 -1 -1 
-1 -1 -1 -1 -1 
-1 -1 -1 -1 -1 
-1 -1 -1 -1 -1 
-1 -1 -1 -1 -1 
-1 -1 -1 -1 -1 
-1 -1 -1 -1 -1 
-1 -1 -1 -1 -1 
70.4577 87.5831 273.35 343.501 0.996431 
39.5084 17.8345 196.747 316.058 0.376422 
136.502 101.077 215.194 289.913 0.112347 
-1 -1 -1 -1 -1 
-1 -1 -1 -1 -1 
-1 -1 -1 -1 -1 
-1 -1 -1 -1 -1 
-1 -1 -1 -1 -1 
-1 -1 -1 -1 -1 
-1 -1 -1 -1 -1 
79.9844 95.925 262.456 282.178 0.989621 
71.869 262.731 252.041 335.281 0.620286 
-1 -1 -1 -1 -1 
-1 -1 -1 -1 -1 
-1 -1 -1 -1 -1 
-1 -1 -1 -1 -1 
-1 -1 -1 -1 -1 
-1 -1 -1 -1 -1 
-1 -1 -1 -1 -1 
-1 -1 -1 -1 -1 
119.954 140.912 254.396 295.56 0.985103 
96.7035 259.318 232.892 325.347 0.134856 
-1 -1 -1 -1 -1 
-1 -1 -1 -1 -1 
-1 -1 -1 -1 -1 
-1 -1 -1 -1 -1 
-1 -1 -1 -1 -1 
-1 -1 -1 -1 -1 
-1 -1 -1 -1 -1 
-1 -1 -1 -1 -1 
61.7074 87.1876 283.379 283.974 0.984649 
194.802 71.9647 335.195 345.337 0.128565 
-1 -1 -1 -1 -1 
-1 -1 -1 -1 -1 
-1 -1 -1 -1 -1 
-1 -1 -1 -1 -1 
-1 -1 -1 -1 -1 
-1 -1 -1 -1 -1 
-1 -1 -1 -1 -1 
-1 -1 -1 -1 -1 
90.4501 110.431 244.789 265.905 0.942814 
0.0 219.256 128.215 349.0 0.162997 
238.231 183.62 349.0 349.0 0.124657 
-1 -1 -1 -1 -1 
-1 -1 -1 -1 -1 
-1 -1 -1 -1 -1 
-1 -1 -1 -1 -1 
-1 -1 -1 -1 -1 
-1 -1 -1 -1 -1 
-1 -1 -1 -1 -1 
105.892 101.162 258.309 267.727 0.970232 
113.251 234.428 246.99 348.316 0.860985 
-1 -1 -1 -1 -1 
-1 -1 -1 -1 -1 
-1 -1 -1 -1 -1 
-1 -1 -1 -1 -1 
-1 -1 -1 -1 -1 
-1 -1 -1 -1 -1 
-1 -1 -1 -1 -1 
-1 -1 -1 -1 -1 
95.0321 87.5512 243.757 289.651 0.992093 
-1 -1 -1 -1 -1 
-1 -1 -1 -1 -1 
-1 -1 -1 -1 -1 
-1 -1 -1 -1 -1 
-1 -1 -1 -1 -1 
-1 -1 -1 -1 -1 
-1 -1 -1 -1 -1 
-1 -1 -1 -1 -1 
-1 -1 -1 -1 -1 
78.9622 82.9636 277.52 343.958 0.989506 
212.332 61.1666 332.867 313.169 0.104651 
-1 -1 -1 -1 -1 
-1 -1 -1 -1 -1 
-1 -1 -1 -1 -1 
-1 -1 -1 -1 -1 
-1 -1 -1 -1 -1 
-1 -1 -1 -1 -1 
-1 -1 -1 -1 -1 
-1 -1 -1 -1 -1 
95.4664 90.0654 269.825 333.03 0.990217 
107.448 74.8203 208.067 204.754 0.141771 
-1 -1 -1 -1 -1 
-1 -1 -1 -1 -1 
-1 -1 -1 -1 -1 
-1 -1 -1 -1 -1 
-1 -1 -1 -1 -1 
-1 -1 -1 -1 -1 
-1 -1 -1 -1 -1 
-1 -1 -1 -1 -1 
154.184 66.351 296.052 273.887 0.992213 
187.047 264.125 293.714 327.734 0.155649 
-1 -1 -1 -1 -1 
-1 -1 -1 -1 -1 
-1 -1 -1 -1 -1 
-1 -1 -1 -1 -1 
-1 -1 -1 -1 -1 
-1 -1 -1 -1 -1 
-1 -1 -1 -1 -1 
-1 -1 -1 -1 -1 
104.138 79.4842 257.967 245.635 0.995114 
120.198 243.619 220.451 298.564 0.960665 
-1 -1 -1 -1 -1 
-1 -1 -1 -1 -1 
-1 -1 -1 -1 -1 
-1 -1 -1 -1 -1 
-1 -1 -1 -1 -1 
-1 -1 -1 -1 -1 
-1 -1 -1 -1 -1 
-1 -1 -1 -1 -1 
97.1842 75.2159 218.309 305.02 0.997228 
-1 -1 -1 -1 -1 
-1 -1 -1 -1 -1 
-1 -1 -1 -1 -1 
-1 -1 -1 -1 -1 
-1 -1 -1 -1 -1 
-1 -1 -1 -1 -1 
-1 -1 -1 -1 -1 
-1 -1 -1 -1 -1 
-1 -1 -1 -1 -1 
97.3029 90.2976 250.696 336.339 0.994763 
-1 -1 -1 -1 -1 
-1 -1 -1 -1 -1 
-1 -1 -1 -1 -1 
-1 -1 -1 -1 -1 
-1 -1 -1 -1 -1 
-1 -1 -1 -1 -1 
-1 -1 -1 -1 -1 
-1 -1 -1 -1 -1 
-1 -1 -1 -1 -1 
104.705 88.3742 275.942 270.541 0.993515 
116.699 258.99 237.792 342.082 0.874615 
-1 -1 -1 -1 -1 
-1 -1 -1 -1 -1 
-1 -1 -1 -1 -1 
-1 -1 -1 -1 -1 
-1 -1 -1 -1 -1 
-1 -1 -1 -1 -1 
-1 -1 -1 -1 -1 
-1 -1 -1 -1 -1 
84.1308 98.3468 260.143 330.87 0.998795 
-1 -1 -1 -1 -1 
-1 -1 -1 -1 -1 
-1 -1 -1 -1 -1 
-1 -1 -1 -1 -1 
-1 -1 -1 -1 -1 
-1 -1 -1 -1 -1 
-1 -1 -1 -1 -1 
-1 -1 -1 -1 -1 
-1 -1 -1 -1 -1 
88.0319 91.2362 271.214 297.714 0.982544 
101.591 220.322 260.353 318.027 0.35984 
-1 -1 -1 -1 -1 
-1 -1 -1 -1 -1 
-1 -1 -1 -1 -1 
-1 -1 -1 -1 -1 
-1 -1 -1 -1 -1 
-1 -1 -1 -1 -1 
-1 -1 -1 -1 -1 
-1 -1 -1 -1 -1 
126.669 73.9714 260.304 272.685 0.992438 
128.392 231.65 255.356 313.967 0.20403 
-1 -1 -1 -1 -1 
-1 -1 -1 -1 -1 
-1 -1 -1 -1 -1 
-1 -1 -1 -1 -1 
-1 -1 -1 -1 -1 
-1 -1 -1 -1 -1 
-1 -1 -1 -1 -1 
-1 -1 -1 -1 -1 
105.437 108.892 258.569 306.416 0.968209 
-1 -1 -1 -1 -1 
-1 -1 -1 -1 -1 
-1 -1 -1 -1 -1 
-1 -1 -1 -1 -1 
-1 -1 -1 -1 -1 
-1 -1 -1 -1 -1 
-1 -1 -1 -1 -1 
-1 -1 -1 -1 -1 
-1 -1 -1 -1 -1 
57.8112 136.11 286.946 332.91 0.996283 
52.2329 172.846 259.533 327.559 0.193095 
59.9198 119.381 232.792 217.446 0.166682 
-1 -1 -1 -1 -1 
-1 -1 -1 -1 -1 
-1 -1 -1 -1 -1 
-1 -1 -1 -1 -1 
-1 -1 -1 -1 -1 
-1 -1 -1 -1 -1 
-1 -1 -1 -1 -1 
95.5043 92.3824 249.673 313.109 0.997495 
194.273 105.933 268.359 339.35 0.197372 
-1 -1 -1 -1 -1 
-1 -1 -1 -1 -1 
-1 -1 -1 -1 -1 
-1 -1 -1 -1 -1 
-1 -1 -1 -1 -1 
-1 -1 -1 -1 -1 
-1 -1 -1 -1 -1 
-1 -1 -1 -1 -1 
93.4762 108.745 253.563 312.863 0.995834 
-1 -1 -1 -1 -1 
-1 -1 -1 -1 -1 
-1 -1 -1 -1 -1 
-1 -1 -1 -1 -1 
-1 -1 -1 -1 -1 
-1 -1 -1 -1 -1 
-1 -1 -1 -1 -1 
-1 -1 -1 -1 -1 
-1 -1 -1 -1 -1 
98.8291 104.986 267.797 324.828 0.980638 
188.185 112.632 259.231 251.914 0.127045 
110.617 99.8159 177.473 252.096 0.116208 
112.1 253.595 270.876 342.868 0.111634 
-1 -1 -1 -1 -1 
-1 -1 -1 -1 -1 
-1 -1 -1 -1 -1 
-1 -1 -1 -1 -1 
-1 -1 -1 -1 -1 
-1 -1 -1 -1 -1 
135.876 80.5972 234.02 321.147 0.872972 
157.187 54.8374 299.827 316.857 0.464234 
57.8961 51.8318 173.947 252.089 0.425097 
156.013 196.143 249.782 319.516 0.411214 
48.0214 222.705 173.862 349.0 0.266096 
240.496 0.0 344.161 240.529 0.251222 
119.127 118.729 255.389 195.279 0.15532 
133.138 36.6289 329.086 216.74 0.150764 
-1 -1 -1 -1 -1 
-1 -1 -1 -1 -1 
80.744 112.142 273.838 289.624 0.994003 
104.995 252.723 225.119 345.06 0.152471 
-1 -1 -1 -1 -1 
-1 -1 -1 -1 -1 
-1 -1 -1 -1 -1 
-1 -1 -1 -1 -1 
-1 -1 -1 -1 -1 
-1 -1 -1 -1 -1 
-1 -1 -1 -1 -1 
-1 -1 -1 -1 -1 
140.179 90.6271 290.532 331.537 0.993049 
0.0 64.4249 149.219 342.576 0.212624 
-1 -1 -1 -1 -1 
-1 -1 -1 -1 -1 
-1 -1 -1 -1 -1 
-1 -1 -1 -1 -1 
-1 -1 -1 -1 -1 
-1 -1 -1 -1 -1 
-1 -1 -1 -1 -1 
-1 -1 -1 -1 -1 
97.7213 98.5856 265.859 341.883 0.998254 
130.782 84.541 252.457 196.26 0.200813 
77.8576 199.775 250.84 318.916 0.153652 
-1 -1 -1 -1 -1 
-1 -1 -1 -1 -1 
-1 -1 -1 -1 -1 
-1 -1 -1 -1 -1 
-1 -1 -1 -1 -1 
-1 -1 -1 -1 -1 
-1 -1 -1 -1 -1 
120.526 101.773 245.046 312.326 0.986534 
221.777 0.0 346.8 327.657 0.168063 
9.1174 8.94798 162.693 144.082 0.161745 
-1 -1 -1 -1 -1 
-1 -1 -1 -1 -1 
-1 -1 -1 -1 -1 
-1 -1 -1 -1 -1 
-1 -1 -1 -1 -1 
-1 -1 -1 -1 -1 
-1 -1 -1 -1 -1 
109.385 90.401 230.175 294.429 0.983948 
109.361 193.239 219.78 295.088 0.384887 
-1 -1 -1 -1 -1 
-1 -1 -1 -1 -1 
-1 -1 -1 -1 -1 
-1 -1 -1 -1 -1 
-1 -1 -1 -1 -1 
-1 -1 -1 -1 -1 
-1 -1 -1 -1 -1 
-1 -1 -1 -1 -1 
47.7974 22.3646 306.081 336.521 0.985038 
84.6143 128.337 310.38 331.562 0.128728 
-1 -1 -1 -1 -1 
-1 -1 -1 -1 -1 
-1 -1 -1 -1 -1 
-1 -1 -1 -1 -1 
-1 -1 -1 -1 -1 
-1 -1 -1 -1 -1 
-1 -1 -1 -1 -1 
-1 -1 -1 -1 -1 
55.2998 129.996 265.478 322.992 0.987547 
159.346 10.4863 307.97 302.326 0.27079 
-1 -1 -1 -1 -1 
-1 -1 -1 -1 -1 
-1 -1 -1 -1 -1 
-1 -1 -1 -1 -1 
-1 -1 -1 -1 -1 
-1 -1 -1 -1 -1 
-1 -1 -1 -1 -1 
-1 -1 -1 -1 -1 
92.8384 65.7714 240.741 331.672 0.985992 
111.626 200.432 236.56 331.917 0.314071 
-1 -1 -1 -1 -1 
-1 -1 -1 -1 -1 
-1 -1 -1 -1 -1 
-1 -1 -1 -1 -1 
-1 -1 -1 -1 -1 
-1 -1 -1 -1 -1 
-1 -1 -1 -1 -1 
-1 -1 -1 -1 -1 
104.555 103.65 234.753 292.76 0.992054 
100.812 264.766 235.706 346.489 0.126246 
-1 -1 -1 -1 -1 
-1 -1 -1 -1 -1 
-1 -1 -1 -1 -1 
-1 -1 -1 -1 -1 
-1 -1 -1 -1 -1 
-1 -1 -1 -1 -1 
-1 -1 -1 -1 -1 
-1 -1 -1 -1 -1 
106.952 83.8375 260.337 325.858 0.994711 
111.473 190.413 255.198 336.47 0.155354 
-1 -1 -1 -1 -1 
-1 -1 -1 -1 -1 
-1 -1 -1 -1 -1 
-1 -1 -1 -1 -1 
-1 -1 -1 -1 -1 
-1 -1 -1 -1 -1 
-1 -1 -1 -1 -1 
-1 -1 -1 -1 -1 
111.066 80.9449 246.906 326.866 0.941334 
-1 -1 -1 -1 -1 
-1 -1 -1 -1 -1 
-1 -1 -1 -1 -1 
-1 -1 -1 -1 -1 
-1 -1 -1 -1 -1 
-1 -1 -1 -1 -1 
-1 -1 -1 -1 -1 
-1 -1 -1 -1 -1 
-1 -1 -1 -1 -1 
35.5639 43.5676 334.828 331.363 0.959758 
10.8413 37.2477 255.075 273.837 0.262206 
17.295 40.157 209.331 195.272 0.132171 
28.302 104.155 159.822 296.724 0.108185 
-1 -1 -1 -1 -1 
-1 -1 -1 -1 -1 
-1 -1 -1 -1 -1 
-1 -1 -1 -1 -1 
-1 -1 -1 -1 -1 
-1 -1 -1 -1 -1 
110.42 84.4753 225.293 248.593 0.754596 
126.25 186.91 234.184 335.576 0.44093 
100.924 164.56 253.249 321.814 0.105631 
-1 -1 -1 -1 -1 
-1 -1 -1 -1 -1 
-1 -1 -1 -1 -1 
-1 -1 -1 -1 -1 
-1 -1 -1 -1 -1 
-1 -1 -1 -1 -1 
-1 -1 -1 -1 -1 
100.226 68.2615 257.809 318.101 0.990831 
204.65 72.42 264.451 279.453 0.721834 
203.66 35.4194 304.773 305.057 0.142861 
-1 -1 -1 -1 -1 
-1 -1 -1 -1 -1 
-1 -1 -1 -1 -1 
-1 -1 -1 -1 -1 
-1 -1 -1 -1 -1 
-1 -1 -1 -1 -1 
-1 -1 -1 -1 -1 
84.5291 20.6156 297.765 330.908 0.983272 
12.9993 5.09465 118.757 283.754 0.543391 
13.2496 30.4441 118.651 259.186 0.359215 
228.08 25.9715 346.833 326.825 0.178726 
223.078 21.607 343.466 319.034 0.150873 
102.796 197.964 263.131 289.483 0.122638 
-1 -1 -1 -1 -1 
-1 -1 -1 -1 -1 
-1 -1 -1 -1 -1 
-1 -1 -1 -1 -1 
82.7664 89.5831 256.596 284.242 0.996003 
-1 -1 -1 -1 -1 
-1 -1 -1 -1 -1 
-1 -1 -1 -1 -1 
-1 -1 -1 -1 -1 
-1 -1 -1 -1 -1 
-1 -1 -1 -1 -1 
-1 -1 -1 -1 -1 
-1 -1 -1 -1 -1 
-1 -1 -1 -1 -1 
81.1374 74.5237 217.876 344.647 0.984871 
-1 -1 -1 -1 -1 
-1 -1 -1 -1 -1 
-1 -1 -1 -1 -1 
-1 -1 -1 -1 -1 
-1 -1 -1 -1 -1 
-1 -1 -1 -1 -1 
-1 -1 -1 -1 -1 
-1 -1 -1 -1 -1 
-1 -1 -1 -1 -1 
73.7451 90.3119 286.094 289.563 0.991133 
-1 -1 -1 -1 -1 
-1 -1 -1 -1 -1 
-1 -1 -1 -1 -1 
-1 -1 -1 -1 -1 
-1 -1 -1 -1 -1 
-1 -1 -1 -1 -1 
-1 -1 -1 -1 -1 
-1 -1 -1 -1 -1 
-1 -1 -1 -1 -1 
126.886 92.4779 247.696 297.172 0.992975 
-1 -1 -1 -1 -1 
-1 -1 -1 -1 -1 
-1 -1 -1 -1 -1 
-1 -1 -1 -1 -1 
-1 -1 -1 -1 -1 
-1 -1 -1 -1 -1 
-1 -1 -1 -1 -1 
-1 -1 -1 -1 -1 
-1 -1 -1 -1 -1 
86.8059 117.487 233.919 313.271 0.990238 
-1 -1 -1 -1 -1 
-1 -1 -1 -1 -1 
-1 -1 -1 -1 -1 
-1 -1 -1 -1 -1 
-1 -1 -1 -1 -1 
-1 -1 -1 -1 -1 
-1 -1 -1 -1 -1 
-1 -1 -1 -1 -1 
-1 -1 -1 -1 -1 
104.426 64.3875 248.582 242.934 0.996781 
-1 -1 -1 -1 -1 
-1 -1 -1 -1 -1 
-1 -1 -1 -1 -1 
-1 -1 -1 -1 -1 
-1 -1 -1 -1 -1 
-1 -1 -1 -1 -1 
-1 -1 -1 -1 -1 
-1 -1 -1 -1 -1 
-1 -1 -1 -1 -1 
80.4284 86.4454 276.873 333.579 0.996618 
-1 -1 -1 -1 -1 
-1 -1 -1 -1 -1 
-1 -1 -1 -1 -1 
-1 -1 -1 -1 -1 
-1 -1 -1 -1 -1 
-1 -1 -1 -1 -1 
-1 -1 -1 -1 -1 
-1 -1 -1 -1 -1 
-1 -1 -1 -1 -1 
99.3081 93.8222 272.457 349.0 0.969383 
-1 -1 -1 -1 -1 
-1 -1 -1 -1 -1 
-1 -1 -1 -1 -1 
-1 -1 -1 -1 -1 
-1 -1 -1 -1 -1 
-1 -1 -1 -1 -1 
-1 -1 -1 -1 -1 
-1 -1 -1 -1 -1 
-1 -1 -1 -1 -1 
135.41 73.345 309.475 341.38 0.977337 
89.125 182.263 306.487 326.812 0.27398 
101.776 96.3584 216.943 287.507 0.221529 
-1 -1 -1 -1 -1 
-1 -1 -1 -1 -1 
-1 -1 -1 -1 -1 
-1 -1 -1 -1 -1 
-1 -1 -1 -1 -1 
-1 -1 -1 -1 -1 
-1 -1 -1 -1 -1 
101.179 106.323 237.167 314.819 0.997935 
-1 -1 -1 -1 -1 
-1 -1 -1 -1 -1 
-1 -1 -1 -1 -1 
-1 -1 -1 -1 -1 
-1 -1 -1 -1 -1 
-1 -1 -1 -1 -1 
-1 -1 -1 -1 -1 
-1 -1 -1 -1 -1 
-1 -1 -1 -1 -1 
118.976 44.9746 291.334 325.844 0.98485 
36.0924 24.2063 164.653 339.773 0.52263 
54.5229 26.8864 255.386 144.713 0.289229 
-1 -1 -1 -1 -1 
-1 -1 -1 -1 -1 
-1 -1 -1 -1 -1 
-1 -1 -1 -1 -1 
-1 -1 -1 -1 -1 
-1 -1 -1 -1 -1 
-1 -1 -1 -1 -1 
94.5931 81.8323 249.081 339.571 0.992914 
-1 -1 -1 -1 -1 
-1 -1 -1 -1 -1 
-1 -1 -1 -1 -1 
-1 -1 -1 -1 -1 
-1 -1 -1 -1 -1 
-1 -1 -1 -1 -1 
-1 -1 -1 -1 -1 
-1 -1 -1 -1 -1 
-1 -1 -1 -1 -1 
92.8846 83.2269 264.443 309.846 0.997724 
-1 -1 -1 -1 -1 
-1 -1 -1 -1 -1 
-1 -1 -1 -1 -1 
-1 -1 -1 -1 -1 
-1 -1 -1 -1 -1 
-1 -1 -1 -1 -1 
-1 -1 -1 -1 -1 
-1 -1 -1 -1 -1 
-1 -1 -1 -1 -1 
98.021 94.6686 264.985 243.945 0.991749 
105.585 232.252 242.173 349.0 0.893368 
94.1196 175.77 249.358 343.349 0.117603 
-1 -1 -1 -1 -1 
-1 -1 -1 -1 -1 
-1 -1 -1 -1 -1 
-1 -1 -1 -1 -1 
-1 -1 -1 -1 -1 
-1 -1 -1 -1 -1 
-1 -1 -1 -1 -1 
16.5034 34.5146 275.561 342.123 0.960427 
232.001 0.0 344.428 349.0 0.177087 
73.2093 13.2443 349.0 234.966 0.152145 
-1 -1 -1 -1 -1 
-1 -1 -1 -1 -1 
-1 -1 -1 -1 -1 
-1 -1 -1 -1 -1 
-1 -1 -1 -1 -1 
-1 -1 -1 -1 -1 
-1 -1 -1 -1 -1 
77.3728 94.1014 284.755 332.104 0.991215 
71.5703 110.75 317.432 306.328 0.263606 
-1 -1 -1 -1 -1 
-1 -1 -1 -1 -1 
-1 -1 -1 -1 -1 
-1 -1 -1 -1 -1 
-1 -1 -1 -1 -1 
-1 -1 -1 -1 -1 
-1 -1 -1 -1 -1 
-1 -1 -1 -1 -1 
97.04 89.3211 263.502 320.953 0.969735 
113.683 237.483 235.143 326.212 0.116745 
120.253 257.657 225.715 335.323 0.106307 
-1 -1 -1 -1 -1 
-1 -1 -1 -1 -1 
-1 -1 -1 -1 -1 
-1 -1 -1 -1 -1 
-1 -1 -1 -1 -1 
-1 -1 -1 -1 -1 
-1 -1 -1 -1 -1 
97.102 75.8872 236.708 301.221 0.976201 
126.746 284.206 228.477 344.797 0.298401 
-1 -1 -1 -1 -1 
-1 -1 -1 -1 -1 
-1 -1 -1 -1 -1 
-1 -1 -1 -1 -1 
-1 -1 -1 -1 -1 
-1 -1 -1 -1 -1 
-1 -1 -1 -1 -1 
-1 -1 -1 -1 -1 
188.699 82.2092 315.8 261.32 0.870857 
-1 -1 -1 -1 -1 
-1 -1 -1 -1 -1 
-1 -1 -1 -1 -1 
-1 -1 -1 -1 -1 
-1 -1 -1 -1 -1 
-1 -1 -1 -1 -1 
-1 -1 -1 -1 -1 
-1 -1 -1 -1 -1 
-1 -1 -1 -1 -1 
82.2009 96.6546 257.231 267.996 0.994095 
77.431 246.51 247.34 324.71 0.741991 
-1 -1 -1 -1 -1 
-1 -1 -1 -1 -1 
-1 -1 -1 -1 -1 
-1 -1 -1 -1 -1 
-1 -1 -1 -1 -1 
-1 -1 -1 -1 -1 
-1 -1 -1 -1 -1 
-1 -1 -1 -1 -1 
100.541 76.9091 244.621 234.618 0.984733 
100.511 213.838 230.827 294.073 0.953236 
177.081 222.743 218.495 297.784 0.201293 
-1 -1 -1 -1 -1 
-1 -1 -1 -1 -1 
-1 -1 -1 -1 -1 
-1 -1 -1 -1 -1 
-1 -1 -1 -1 -1 
-1 -1 -1 -1 -1 
-1 -1 -1 -1 -1 
89.6276 97.9643 257.691 316.776 0.996839 
-1 -1 -1 -1 -1 
-1 -1 -1 -1 -1 
-1 -1 -1 -1 -1 
-1 -1 -1 -1 -1 
-1 -1 -1 -1 -1 
-1 -1 -1 -1 -1 
-1 -1 -1 -1 -1 
-1 -1 -1 -1 -1 
-1 -1 -1 -1 -1 
70.8954 83.8052 243.113 321.197 0.984085 
-1 -1 -1 -1 -1 
-1 -1 -1 -1 -1 
-1 -1 -1 -1 -1 
-1 -1 -1 -1 -1 
-1 -1 -1 -1 -1 
-1 -1 -1 -1 -1 
-1 -1 -1 -1 -1 
-1 -1 -1 -1 -1 
-1 -1 -1 -1 -1 
50.8137 90.773 334.582 335.738 0.900691 
12.7471 13.2707 227.9 201.77 0.154147 
99.5837 26.3471 349.0 286.114 0.145938 
112.438 27.6143 333.373 169.65 0.108295 
-1 -1 -1 -1 -1 
-1 -1 -1 -1 -1 
-1 -1 -1 -1 -1 
-1 -1 -1 -1 -1 
-1 -1 -1 -1 -1 
-1 -1 -1 -1 -1 
96.926 83.4083 253.874 265.233 0.989572 
114.084 240.492 233.618 349.0 0.109857 
-1 -1 -1 -1 -1 
-1 -1 -1 -1 -1 
-1 -1 -1 -1 -1 
-1 -1 -1 -1 -1 
-1 -1 -1 -1 -1 
-1 -1 -1 -1 -1 
-1 -1 -1 -1 -1 
-1 -1 -1 -1 -1 
65.7562 102.762 247.959 345.986 0.88191 
-1 -1 -1 -1 -1 
-1 -1 -1 -1 -1 
-1 -1 -1 -1 -1 
-1 -1 -1 -1 -1 
-1 -1 -1 -1 -1 
-1 -1 -1 -1 -1 
-1 -1 -1 -1 -1 
-1 -1 -1 -1 -1 
-1 -1 -1 -1 -1 
111.706 82.8649 256.556 312.517 0.993587 
118.635 187.709 245.182 315.399 0.421327 
-1 -1 -1 -1 -1 
-1 -1 -1 -1 -1 
-1 -1 -1 -1 -1 
-1 -1 -1 -1 -1 
-1 -1 -1 -1 -1 
-1 -1 -1 -1 -1 
-1 -1 -1 -1 -1 
-1 -1 -1 -1 -1 
85.0068 86.7189 262.555 334.767 0.992531 
68.3856 189.864 275.681 341.805 0.129433 
-1 -1 -1 -1 -1 
-1 -1 -1 -1 -1 
-1 -1 -1 -1 -1 
-1 -1 -1 -1 -1 
-1 -1 -1 -1 -1 
-1 -1 -1 -1 -1 
-1 -1 -1 -1 -1 
-1 -1 -1 -1 -1 
111.347 82.6488 226.678 271.937 0.990934 
92.8913 223.906 220.28 291.133 0.364745 
-1 -1 -1 -1 -1 
-1 -1 -1 -1 -1 
-1 -1 -1 -1 -1 
-1 -1 -1 -1 -1 
-1 -1 -1 -1 -1 
-1 -1 -1 -1 -1 
-1 -1 -1 -1 -1 
-1 -1 -1 -1 -1 
90.8575 49.2293 271.267 281.299 0.984866 
0.155436 15.255 181.571 292.623 0.465825 
0.0 17.7691 335.476 292.599 0.302277 
-1 -1 -1 -1 -1 
-1 -1 -1 -1 -1 
-1 -1 -1 -1 -1 
-1 -1 -1 -1 -1 
-1 -1 -1 -1 -1 
-1 -1 -1 -1 -1 
-1 -1 -1 -1 -1 
77.7846 32.1155 240.137 342.527 0.995887 
189.937 40.5366 331.912 343.1 0.247427 
162.859 38.3727 349.0 346.807 0.135537 
-1 -1 -1 -1 -1 
-1 -1 -1 -1 -1 
-1 -1 -1 -1 -1 
-1 -1 -1 -1 -1 
-1 -1 -1 -1 -1 
-1 -1 -1 -1 -1 
-1 -1 -1 -1 -1 
90.5971 74.8948 232.66 272.328 0.98728 
-1 -1 -1 -1 -1 
-1 -1 -1 -1 -1 
-1 -1 -1 -1 -1 
-1 -1 -1 -1 -1 
-1 -1 -1 -1 -1 
-1 -1 -1 -1 -1 
-1 -1 -1 -1 -1 
-1 -1 -1 -1 -1 
-1 -1 -1 -1 -1 
40.3215 84.8398 225.279 339.7 0.996947 
275.307 209.907 348.146 326.007 0.163799 
58.524 112.582 226.465 332.388 0.113706 
-1 -1 -1 -1 -1 
-1 -1 -1 -1 -1 
-1 -1 -1 -1 -1 
-1 -1 -1 -1 -1 
-1 -1 -1 -1 -1 
-1 -1 -1 -1 -1 
-1 -1 -1 -1 -1 
95.8928 75.4612 256.125 298.189 0.792519 
103.848 170.798 256.045 306.903 0.149971 
-1 -1 -1 -1 -1 
-1 -1 -1 -1 -1 
-1 -1 -1 -1 -1 
-1 -1 -1 -1 -1 
-1 -1 -1 -1 -1 
-1 -1 -1 -1 -1 
-1 -1 -1 -1 -1 
-1 -1 -1 -1 -1 
94.2308 102.325 245.23 287.25 0.98986 
-1 -1 -1 -1 -1 
-1 -1 -1 -1 -1 
-1 -1 -1 -1 -1 
-1 -1 -1 -1 -1 
-1 -1 -1 -1 -1 
-1 -1 -1 -1 -1 
-1 -1 -1 -1 -1 
-1 -1 -1 -1 -1 
-1 -1 -1 -1 -1 
92.1914 104.292 272.741 301.961 0.997969 
-1 -1 -1 -1 -1 
-1 -1 -1 -1 -1 
-1 -1 -1 -1 -1 
-1 -1 -1 -1 -1 
-1 -1 -1 -1 -1 
-1 -1 -1 -1 -1 
-1 -1 -1 -1 -1 
-1 -1 -1 -1 -1 
-1 -1 -1 -1 -1 
82.4735 89.1487 247.343 340.423 0.975871 
-1 -1 -1 -1 -1 
-1 -1 -1 -1 -1 
-1 -1 -1 -1 -1 
-1 -1 -1 -1 -1 
-1 -1 -1 -1 -1 
-1 -1 -1 -1 -1 
-1 -1 -1 -1 -1 
-1 -1 -1 -1 -1 
-1 -1 -1 -1 -1 
34.5009 24.9156 302.243 329.956 0.99286 
-1 -1 -1 -1 -1 
-1 -1 -1 -1 -1 
-1 -1 -1 -1 -1 
-1 -1 -1 -1 -1 
-1 -1 -1 -1 -1 
-1 -1 -1 -1 -1 
-1 -1 -1 -1 -1 
-1 -1 -1 -1 -1 
-1 -1 -1 -1 -1 
82.5447 92.8616 265.431 325.88 0.99769 
54.0466 46.6799 160.547 195.038 0.368024 
52.6897 30.4112 170.085 245.846 0.144549 
83.1622 146.633 266.82 302.163 0.122866 
-1 -1 -1 -1 -1 
-1 -1 -1 -1 -1 
-1 -1 -1 -1 -1 
-1 -1 -1 -1 -1 
-1 -1 -1 -1 -1 
-1 -1 -1 -1 -1 
91.7311 89.4259 268.277 288.872 0.997678 
-1 -1 -1 -1 -1 
-1 -1 -1 -1 -1 
-1 -1 -1 -1 -1 
-1 -1 -1 -1 -1 
-1 -1 -1 -1 -1 
-1 -1 -1 -1 -1 
-1 -1 -1 -1 -1 
-1 -1 -1 -1 -1 
-1 -1 -1 -1 -1 
87.4101 112.483 253.222 287.168 0.989093 
61.2007 265.994 307.334 349.0 0.276379 
-1 -1 -1 -1 -1 
-1 -1 -1 -1 -1 
-1 -1 -1 -1 -1 
-1 -1 -1 -1 -1 
-1 -1 -1 -1 -1 
-1 -1 -1 -1 -1 
-1 -1 -1 -1 -1 
-1 -1 -1 -1 -1 
96.415 117.281 233.223 339.765 0.989722 
181.161 97.3951 315.705 338.448 0.17761 
-1 -1 -1 -1 -1 
-1 -1 -1 -1 -1 
-1 -1 -1 -1 -1 
-1 -1 -1 -1 -1 
-1 -1 -1 -1 -1 
-1 -1 -1 -1 -1 
-1 -1 -1 -1 -1 
-1 -1 -1 -1 -1 
91.227 80.7855 257.584 344.41 0.995172 
-1 -1 -1 -1 -1 
-1 -1 -1 -1 -1 
-1 -1 -1 -1 -1 
-1 -1 -1 -1 -1 
-1 -1 -1 -1 -1 
-1 -1 -1 -1 -1 
-1 -1 -1 -1 -1 
-1 -1 -1 -1 -1 
-1 -1 -1 -1 -1 
81.3446 93.0643 272.324 304.79 0.995414 
-1 -1 -1 -1 -1 
-1 -1 -1 -1 -1 
-1 -1 -1 -1 -1 
-1 -1 -1 -1 -1 
-1 -1 -1 -1 -1 
-1 -1 -1 -1 -1 
-1 -1 -1 -1 -1 
-1 -1 -1 -1 -1 
-1 -1 -1 -1 -1 
113.641 118.601 244.184 258.626 0.997405 
116.233 232.245 228.084 310.685 0.915819 
-1 -1 -1 -1 -1 
-1 -1 -1 -1 -1 
-1 -1 -1 -1 -1 
-1 -1 -1 -1 -1 
-1 -1 -1 -1 -1 
-1 -1 -1 -1 -1 
-1 -1 -1 -1 -1 
-1 -1 -1 -1 -1 
31.7947 79.6175 251.012 324.167 0.996107 
195.273 37.604 335.432 348.0 0.326228 
14.1311 35.478 130.607 332.743 0.325452 
20.1794 0.0 106.757 336.98 0.198218 
194.343 156.992 344.846 330.236 0.179164 
125.927 105.532 289.277 243.959 0.10443 
-1 -1 -1 -1 -1 
-1 -1 -1 -1 -1 
-1 -1 -1 -1 -1 
-1 -1 -1 -1 -1 
87.5947 80.9066 253.843 302.385 0.996932 
-1 -1 -1 -1 -1 
-1 -1 -1 -1 -1 
-1 -1 -1 -1 -1 
-1 -1 -1 -1 -1 
-1 -1 -1 -1 -1 
-1 -1 -1 -1 -1 
-1 -1 -1 -1 -1 
-1 -1 -1 -1 -1 
-1 -1 -1 -1 -1 
100.736 65.8848 262.516 312.504 0.999109 
-1 -1 -1 -1 -1 
-1 -1 -1 -1 -1 
-1 -1 -1 -1 -1 
-1 -1 -1 -1 -1 
-1 -1 -1 -1 -1 
-1 -1 -1 -1 -1 
-1 -1 -1 -1 -1 
-1 -1 -1 -1 -1 
-1 -1 -1 -1 -1 
94.7612 90.7613 260.17 336.717 0.995226 
-1 -1 -1 -1 -1 
-1 -1 -1 -1 -1 
-1 -1 -1 -1 -1 
-1 -1 -1 -1 -1 
-1 -1 -1 -1 -1 
-1 -1 -1 -1 -1 
-1 -1 -1 -1 -1 
-1 -1 -1 -1 -1 
-1 -1 -1 -1 -1 
117.34 79.0358 244.179 246.915 0.979489 
99.9349 218.272 235.379 328.19 0.798039 
54.4572 42.3274 144.88 222.497 0.11792 
-1 -1 -1 -1 -1 
-1 -1 -1 -1 -1 
-1 -1 -1 -1 -1 
-1 -1 -1 -1 -1 
-1 -1 -1 -1 -1 
-1 -1 -1 -1 -1 
-1 -1 -1 -1 -1 
131.604 98.1019 267.74 269.666 0.983485 
92.7309 140.125 254.116 269.809 0.130856 
100.56 143.121 162.074 291.23 0.104804 
-1 -1 -1 -1 -1 
-1 -1 -1 -1 -1 
-1 -1 -1 -1 -1 
-1 -1 -1 -1 -1 
-1 -1 -1 -1 -1 
-1 -1 -1 -1 -1 
-1 -1 -1 -1 -1 
109.192 79.7889 269.284 312.801 0.983423 
105.457 152.26 269.792 308.085 0.135825 
-1 -1 -1 -1 -1 
-1 -1 -1 -1 -1 
-1 -1 -1 -1 -1 
-1 -1 -1 -1 -1 
-1 -1 -1 -1 -1 
-1 -1 -1 -1 -1 
-1 -1 -1 -1 -1 
-1 -1 -1 -1 -1 
101.275 54.4946 262.884 295.063 0.998235 
-1 -1 -1 -1 -1 
-1 -1 -1 -1 -1 
-1 -1 -1 -1 -1 
-1 -1 -1 -1 -1 
-1 -1 -1 -1 -1 
-1 -1 -1 -1 -1 
-1 -1 -1 -1 -1 
-1 -1 -1 -1 -1 
-1 -1 -1 -1 -1 
112.022 84.2384 240.36 304.244 0.998725 
-1 -1 -1 -1 -1 
-1 -1 -1 -1 -1 
-1 -1 -1 -1 -1 
-1 -1 -1 -1 -1 
-1 -1 -1 -1 -1 
-1 -1 -1 -1 -1 
-1 -1 -1 -1 -1 
-1 -1 -1 -1 -1 
-1 -1 -1 -1 -1 
78.2351 98.0917 313.008 319.605 0.967781 
118.461 219.807 261.276 341.016 0.875285 
42.4171 98.8155 175.953 248.426 0.250131 
67.6031 169.275 268.579 241.377 0.116438 
124.225 76.0642 215.127 233.659 0.107215 
-1 -1 -1 -1 -1 
-1 -1 -1 -1 -1 
-1 -1 -1 -1 -1 
-1 -1 -1 -1 -1 
-1 -1 -1 -1 -1 
91.8612 72.7556 264.947 349.0 0.995104 
-1 -1 -1 -1 -1 
-1 -1 -1 -1 -1 
-1 -1 -1 -1 -1 
-1 -1 -1 -1 -1 
-1 -1 -1 -1 -1 
-1 -1 -1 -1 -1 
-1 -1 -1 -1 -1 
-1 -1 -1 -1 -1 
-1 -1 -1 -1 -1 
106.756 107.134 252.417 248.77 0.988941 
133.6 224.997 244.605 302.761 0.800806 
-1 -1 -1 -1 -1 
-1 -1 -1 -1 -1 
-1 -1 -1 -1 -1 
-1 -1 -1 -1 -1 
-1 -1 -1 -1 -1 
-1 -1 -1 -1 -1 
-1 -1 -1 -1 -1 
-1 -1 -1 -1 -1 
132.744 79.4138 298.153 331.738 0.984734 
119.097 49.1554 323.784 328.733 0.131102 
-1 -1 -1 -1 -1 
-1 -1 -1 -1 -1 
-1 -1 -1 -1 -1 
-1 -1 -1 -1 -1 
-1 -1 -1 -1 -1 
-1 -1 -1 -1 -1 
-1 -1 -1 -1 -1 
-1 -1 -1 -1 -1 
88.7129 86.2125 278.557 327.82 0.994585 
-1 -1 -1 -1 -1 
-1 -1 -1 -1 -1 
-1 -1 -1 -1 -1 
-1 -1 -1 -1 -1 
-1 -1 -1 -1 -1 
-1 -1 -1 -1 -1 
-1 -1 -1 -1 -1 
-1 -1 -1 -1 -1 
-1 -1 -1 -1 -1 
85.3159 112.537 258.776 323.612 0.998191 
-1 -1 -1 -1 -1 
-1 -1 -1 -1 -1 
-1 -1 -1 -1 -1 
-1 -1 -1 -1 -1 
-1 -1 -1 -1 -1 
-1 -1 -1 -1 -1 
-1 -1 -1 -1 -1 
-1 -1 -1 -1 -1 
-1 -1 -1 -1 -1 
125.899 106.87 258.544 287.426 0.974763 
130.762 198.91 242.51 291.966 0.637836 
-1 -1 -1 -1 -1 
-1 -1 -1 -1 -1 
-1 -1 -1 -1 -1 
-1 -1 -1 -1 -1 
-1 -1 -1 -1 -1 
-1 -1 -1 -1 -1 
-1 -1 -1 -1 -1 
-1 -1 -1 -1 -1 
97.8368 85.1996 252.212 265.457 0.971481 
50.4983 183.192 255.98 323.372 0.125776 
226.305 38.471 349.0 240.238 0.119604 
64.6624 216.796 250.674 332.614 0.109865 
-1 -1 -1 -1 -1 
-1 -1 -1 -1 -1 
-1 -1 -1 -1 -1 
-1 -1 -1 -1 -1 
-1 -1 -1 -1 -1 
-1 -1 -1 -1 -1 
74.4312 95.7181 278.584 326.448 0.984569 
68.9717 93.4494 226.078 339.574 0.201181 
182.818 38.6383 290.505 258.497 0.183903 
169.272 21.1001 295.549 270.041 0.143783 
-1 -1 -1 -1 -1 
-1 -1 -1 -1 -1 
-1 -1 -1 -1 -1 
-1 -1 -1 -1 -1 
-1 -1 -1 -1 -1 
-1 -1 -1 -1 -1 
87.295 98.8621 269.592 332.868 0.997596 
-1 -1 -1 -1 -1 
-1 -1 -1 -1 -1 
-1 -1 -1 -1 -1 
-1 -1 -1 -1 -1 
-1 -1 -1 -1 -1 
-1 -1 -1 -1 -1 
-1 -1 -1 -1 -1 
-1 -1 -1 -1 -1 
-1 -1 -1 -1 -1 
92.627 97.0151 253.489 319.882 0.996653 
-1 -1 -1 -1 -1 
-1 -1 -1 -1 -1 
-1 -1 -1 -1 -1 
-1 -1 -1 -1 -1 
-1 -1 -1 -1 -1 
-1 -1 -1 -1 -1 
-1 -1 -1 -1 -1 
-1 -1 -1 -1 -1 
-1 -1 -1 -1 -1 
94.2261 81.5666 253.169 336.64 0.991683 
133.111 188.911 238.267 322.438 0.128003 
-1 -1 -1 -1 -1 
-1 -1 -1 -1 -1 
-1 -1 -1 -1 -1 
-1 -1 -1 -1 -1 
-1 -1 -1 -1 -1 
-1 -1 -1 -1 -1 
-1 -1 -1 -1 -1 
-1 -1 -1 -1 -1 
105.293 99.7623 256.383 284.672 0.994779 
-1 -1 -1 -1 -1 
-1 -1 -1 -1 -1 
-1 -1 -1 -1 -1 
-1 -1 -1 -1 -1 
-1 -1 -1 -1 -1 
-1 -1 -1 -1 -1 
-1 -1 -1 -1 -1 
-1 -1 -1 -1 -1 
-1 -1 -1 -1 -1 
53.1191 99.8289 264.182 343.028 0.993113 
-1 -1 -1 -1 -1 
-1 -1 -1 -1 -1 
-1 -1 -1 -1 -1 
-1 -1 -1 -1 -1 
-1 -1 -1 -1 -1 
-1 -1 -1 -1 -1 
-1 -1 -1 -1 -1 
-1 -1 -1 -1 -1 
-1 -1 -1 -1 -1 
69.7718 120.45 277.701 337.997 0.994767 
-1 -1 -1 -1 -1 
-1 -1 -1 -1 -1 
-1 -1 -1 -1 -1 
-1 -1 -1 -1 -1 
-1 -1 -1 -1 -1 
-1 -1 -1 -1 -1 
-1 -1 -1 -1 -1 
-1 -1 -1 -1 -1 
-1 -1 -1 -1 -1 
61.4004 20.7966 305.402 336.854 0.997487 
0.0 24.3819 127.887 349.0 0.912881 
205.345 0.0 349.0 338.393 0.104261 
-1 -1 -1 -1 -1 
-1 -1 -1 -1 -1 
-1 -1 -1 -1 -1 
-1 -1 -1 -1 -1 
-1 -1 -1 -1 -1 
-1 -1 -1 -1 -1 
-1 -1 -1 -1 -1 
83.3443 90.0594 258.34 310.793 0.998461 
-1 -1 -1 -1 -1 
-1 -1 -1 -1 -1 
-1 -1 -1 -1 -1 
-1 -1 -1 -1 -1 
-1 -1 -1 -1 -1 
-1 -1 -1 -1 -1 
-1 -1 -1 -1 -1 
-1 -1 -1 -1 -1 
-1 -1 -1 -1 -1 
102.933 76.7371 256.679 326.32 0.960541 
169.064 83.3658 267.576 306.5 0.314028 
-1 -1 -1 -1 -1 
-1 -1 -1 -1 -1 
-1 -1 -1 -1 -1 
-1 -1 -1 -1 -1 
-1 -1 -1 -1 -1 
-1 -1 -1 -1 -1 
-1 -1 -1 -1 -1 
-1 -1 -1 -1 -1 
96.2365 92.7657 248.035 342.293 0.99843 
-1 -1 -1 -1 -1 
-1 -1 -1 -1 -1 
-1 -1 -1 -1 -1 
-1 -1 -1 -1 -1 
-1 -1 -1 -1 -1 
-1 -1 -1 -1 -1 
-1 -1 -1 -1 -1 
-1 -1 -1 -1 -1 
-1 -1 -1 -1 -1 
62.5552 87.6135 262.827 317.814 0.991988 
-1 -1 -1 -1 -1 
-1 -1 -1 -1 -1 
-1 -1 -1 -1 -1 
-1 -1 -1 -1 -1 
-1 -1 -1 -1 -1 
-1 -1 -1 -1 -1 
-1 -1 -1 -1 -1 
-1 -1 -1 -1 -1 
-1 -1 -1 -1 -1 
78.0968 85.7016 242.828 246.395 0.989345 
100.541 244.133 231.315 331.332 0.536974 
-1 -1 -1 -1 -1 
-1 -1 -1 -1 -1 
-1 -1 -1 -1 -1 
-1 -1 -1 -1 -1 
-1 -1 -1 -1 -1 
-1 -1 -1 -1 -1 
-1 -1 -1 -1 -1 
-1 -1 -1 -1 -1 
81.3446 93.0643 272.324 304.79 0.995414 
-1 -1 -1 -1 -1 
-1 -1 -1 -1 -1 
-1 -1 -1 -1 -1 
-1 -1 -1 -1 -1 
-1 -1 -1 -1 -1 
-1 -1 -1 -1 -1 
-1 -1 -1 -1 -1 
-1 -1 -1 -1 -1 
-1 -1 -1 -1 -1 
61.3952 102.797 311.657 303.059 0.996534 
82.5657 89.8967 159.15 287.917 0.158648 
-1 -1 -1 -1 -1 
-1 -1 -1 -1 -1 
-1 -1 -1 -1 -1 
-1 -1 -1 -1 -1 
-1 -1 -1 -1 -1 
-1 -1 -1 -1 -1 
-1 -1 -1 -1 -1 
-1 -1 -1 -1 -1 
40.258 67.297 225.296 325.251 0.926293 
77.1079 193.636 207.548 296.899 0.538926 
41.3166 59.5138 227.006 302.596 0.498155 
152.93 82.0484 281.569 314.57 0.186602 
-1 -1 -1 -1 -1 
-1 -1 -1 -1 -1 
-1 -1 -1 -1 -1 
-1 -1 -1 -1 -1 
-1 -1 -1 -1 -1 
-1 -1 -1 -1 -1 
251.851 136.818 349.0 216.063 0.553047 
9.48365 122.859 91.5719 228.45 0.520384 
2.21199 187.536 180.666 328.551 0.410928 
55.962 115.571 339.907 337.941 0.246458 
0.0 121.513 155.591 336.82 0.13056 
266.202 198.983 342.618 342.666 0.128119 
-1 -1 -1 -1 -1 
-1 -1 -1 -1 -1 
-1 -1 -1 -1 -1 
-1 -1 -1 -1 -1 
88.925 73.2415 271.064 328.624 0.996072 
-1 -1 -1 -1 -1 
-1 -1 -1 -1 -1 
-1 -1 -1 -1 -1 
-1 -1 -1 -1 -1 
-1 -1 -1 -1 -1 
-1 -1 -1 -1 -1 
-1 -1 -1 -1 -1 
-1 -1 -1 -1 -1 
-1 -1 -1 -1 -1 
68.723 40.617 268.009 330.718 0.977205 
44.5266 12.5554 237.907 149.306 0.113636 
70.133 178.352 315.177 317.449 0.112678 
-1 -1 -1 -1 -1 
-1 -1 -1 -1 -1 
-1 -1 -1 -1 -1 
-1 -1 -1 -1 -1 
-1 -1 -1 -1 -1 
-1 -1 -1 -1 -1 
-1 -1 -1 -1 -1 
102.895 89.4137 247.21 308.59 0.978433 
234.597 4.74498 339.452 349.0 0.408455 
14.1846 28.6075 135.641 349.0 0.252473 
104.824 179.698 248.121 337.355 0.234988 
128.97 87.8222 206.765 207.862 0.161323 
-1 -1 -1 -1 -1 
-1 -1 -1 -1 -1 
-1 -1 -1 -1 -1 
-1 -1 -1 -1 -1 
-1 -1 -1 -1 -1 
83.475 85.2452 241.518 338.296 0.988982 
-1 -1 -1 -1 -1 
-1 -1 -1 -1 -1 
-1 -1 -1 -1 -1 
-1 -1 -1 -1 -1 
-1 -1 -1 -1 -1 
-1 -1 -1 -1 -1 
-1 -1 -1 -1 -1 
-1 -1 -1 -1 -1 
-1 -1 -1 -1 -1 
123.949 61.385 295.246 330.596 0.975298 
29.2794 53.2318 250.868 334.915 0.374588 
34.8767 65.6356 160.642 345.45 0.250293 
166.761 241.996 266.042 312.823 0.157229 
-1 -1 -1 -1 -1 
-1 -1 -1 -1 -1 
-1 -1 -1 -1 -1 
-1 -1 -1 -1 -1 
-1 -1 -1 -1 -1 
-1 -1 -1 -1 -1 
93.0695 86.5125 261.403 338.185 0.964193 
-1 -1 -1 -1 -1 
-1 -1 -1 -1 -1 
-1 -1 -1 -1 -1 
-1 -1 -1 -1 -1 
-1 -1 -1 -1 -1 
-1 -1 -1 -1 -1 
-1 -1 -1 -1 -1 
-1 -1 -1 -1 -1 
-1 -1 -1 -1 -1 
