1920
5
98.4422 77.529 276.828 306.75 0.995451 
-1 -1 -1 -1 -1 
-1 -1 -1 -1 -1 
-1 -1 -1 -1 -1 
-1 -1 -1 -1 -1 
-1 -1 -1 -1 -1 
-1 -1 -1 -1 -1 
-1 -1 -1 -1 -1 
-1 -1 -1 -1 -1 
-1 -1 -1 -1 -1 
68.3716 11.6992 252.018 325.602 0.999067 
-1 -1 -1 -1 -1 
-1 -1 -1 -1 -1 
-1 -1 -1 -1 -1 
-1 -1 -1 -1 -1 
-1 -1 -1 -1 -1 
-1 -1 -1 -1 -1 
-1 -1 -1 -1 -1 
-1 -1 -1 -1 -1 
-1 -1 -1 -1 -1 
78.3779 40.2911 255.561 332.143 0.999328 
-1 -1 -1 -1 -1 
-1 -1 -1 -1 -1 
-1 -1 -1 -1 -1 
-1 -1 -1 -1 -1 
-1 -1 -1 -1 -1 
-1 -1 -1 -1 -1 
-1 -1 -1 -1 -1 
-1 -1 -1 -1 -1 
-1 -1 -1 -1 -1 
155.198 99.8612 298.829 292.39 0.990372 
219.507 257.041 275.055 343.832 0.155582 
-1 -1 -1 -1 -1 
-1 -1 -1 -1 -1 
-1 -1 -1 -1 -1 
-1 -1 -1 -1 -1 
-1 -1 -1 -1 -1 
-1 -1 -1 -1 -1 
-1 -1 -1 -1 -1 
-1 -1 -1 -1 -1 
113.666 109.03 256.329 344.925 0.998212 
-1 -1 -1 -1 -1 
-1 -1 -1 -1 -1 
-1 -1 -1 -1 -1 
-1 -1 -1 -1 -1 
-1 -1 -1 -1 -1 
-1 -1 -1 -1 -1 
-1 -1 -1 -1 -1 
-1 -1 -1 -1 -1 
-1 -1 -1 -1 -1 
104.367 98.2403 252.131 344.556 0.99728 
-1 -1 -1 -1 -1 
-1 -1 -1 -1 -1 
-1 -1 -1 -1 -1 
-1 -1 -1 -1 -1 
-1 -1 -1 -1 -1 
-1 -1 -1 -1 -1 
-1 -1 -1 -1 -1 
-1 -1 -1 -1 -1 
-1 -1 -1 -1 -1 
104.601 103.725 253.882 341.378 0.99878 
-1 -1 -1 -1 -1 
-1 -1 -1 -1 -1 
-1 -1 -1 -1 -1 
-1 -1 -1 -1 -1 
-1 -1 -1 -1 -1 
-1 -1 -1 -1 -1 
-1 -1 -1 -1 -1 
-1 -1 -1 -1 -1 
-1 -1 -1 -1 -1 
83.3262 40.8744 263.415 335.561 0.998575 
-1 -1 -1 -1 -1 
-1 -1 -1 -1 -1 
-1 -1 -1 -1 -1 
-1 -1 -1 -1 -1 
-1 -1 -1 -1 -1 
-1 -1 -1 -1 -1 
-1 -1 -1 -1 -1 
-1 -1 -1 -1 -1 
-1 -1 -1 -1 -1 
112.338 86.3129 267.55 277.562 0.997521 
127.147 215.502 255.228 300.368 0.532734 
-1 -1 -1 -1 -1 
-1 -1 -1 -1 -1 
-1 -1 -1 -1 -1 
-1 -1 -1 -1 -1 
-1 -1 -1 -1 -1 
-1 -1 -1 -1 -1 
-1 -1 -1 -1 -1 
-1 -1 -1 -1 -1 
108.567 91.2354 258.893 324.776 0.964982 
99.5565 102.234 266.553 303.161 0.260748 
-1 -1 -1 -1 -1 
-1 -1 -1 -1 -1 
-1 -1 -1 -1 -1 
-1 -1 -1 -1 -1 
-1 -1 -1 -1 -1 
-1 -1 -1 -1 -1 
-1 -1 -1 -1 -1 
-1 -1 -1 -1 -1 
126.199 92.9916 260.801 328.491 0.997381 
202.197 67.238 294.066 250.365 0.277006 
-1 -1 -1 -1 -1 
-1 -1 -1 -1 -1 
-1 -1 -1 -1 -1 
-1 -1 -1 -1 -1 
-1 -1 -1 -1 -1 
-1 -1 -1 -1 -1 
-1 -1 -1 -1 -1 
-1 -1 -1 -1 -1 
58.5583 12.4796 271.201 344.149 0.997528 
71.1986 187.395 241.575 331.165 0.224691 
-1 -1 -1 -1 -1 
-1 -1 -1 -1 -1 
-1 -1 -1 -1 -1 
-1 -1 -1 -1 -1 
-1 -1 -1 -1 -1 
-1 -1 -1 -1 -1 
-1 -1 -1 -1 -1 
-1 -1 -1 -1 -1 
83.5432 112.604 274.449 347.748 0.998386 
-1 -1 -1 -1 -1 
-1 -1 -1 -1 -1 
-1 -1 -1 -1 -1 
-1 -1 -1 -1 -1 
-1 -1 -1 -1 -1 
-1 -1 -1 -1 -1 
-1 -1 -1 -1 -1 
-1 -1 -1 -1 -1 
-1 -1 -1 -1 -1 
83.1331 87.6764 257.156 319.845 0.99267 
-1 -1 -1 -1 -1 
-1 -1 -1 -1 -1 
-1 -1 -1 -1 -1 
-1 -1 -1 -1 -1 
-1 -1 -1 -1 -1 
-1 -1 -1 -1 -1 
-1 -1 -1 -1 -1 
-1 -1 -1 -1 -1 
-1 -1 -1 -1 -1 
85.1453 22.2466 260.779 344.477 0.999185 
-1 -1 -1 -1 -1 
-1 -1 -1 -1 -1 
-1 -1 -1 -1 -1 
-1 -1 -1 -1 -1 
-1 -1 -1 -1 -1 
-1 -1 -1 -1 -1 
-1 -1 -1 -1 -1 
-1 -1 -1 -1 -1 
-1 -1 -1 -1 -1 
87.4278 38.3152 262.773 329.178 0.998859 
-1 -1 -1 -1 -1 
-1 -1 -1 -1 -1 
-1 -1 -1 -1 -1 
-1 -1 -1 -1 -1 
-1 -1 -1 -1 -1 
-1 -1 -1 -1 -1 
-1 -1 -1 -1 -1 
-1 -1 -1 -1 -1 
-1 -1 -1 -1 -1 
87.1207 36.0259 266.022 338.76 0.997914 
195.698 49.0683 282.764 316.337 0.380157 
-1 -1 -1 -1 -1 
-1 -1 -1 -1 -1 
-1 -1 -1 -1 -1 
-1 -1 -1 -1 -1 
-1 -1 -1 -1 -1 
-1 -1 -1 -1 -1 
-1 -1 -1 -1 -1 
-1 -1 -1 -1 -1 
86.0765 88.7437 263.973 307.606 0.994261 
-1 -1 -1 -1 -1 
-1 -1 -1 -1 -1 
-1 -1 -1 -1 -1 
-1 -1 -1 -1 -1 
-1 -1 -1 -1 -1 
-1 -1 -1 -1 -1 
-1 -1 -1 -1 -1 
-1 -1 -1 -1 -1 
-1 -1 -1 -1 -1 
65.0274 112.637 247.421 345.646 0.9965 
-1 -1 -1 -1 -1 
-1 -1 -1 -1 -1 
-1 -1 -1 -1 -1 
-1 -1 -1 -1 -1 
-1 -1 -1 -1 -1 
-1 -1 -1 -1 -1 
-1 -1 -1 -1 -1 
-1 -1 -1 -1 -1 
-1 -1 -1 -1 -1 
75.2568 101.188 262.006 329.989 0.995305 
154.303 90.6914 232.852 264.174 0.20867 
-1 -1 -1 -1 -1 
-1 -1 -1 -1 -1 
-1 -1 -1 -1 -1 
-1 -1 -1 -1 -1 
-1 -1 -1 -1 -1 
-1 -1 -1 -1 -1 
-1 -1 -1 -1 -1 
-1 -1 -1 -1 -1 
86.0774 81.5797 240.056 339.199 0.998165 
-1 -1 -1 -1 -1 
-1 -1 -1 -1 -1 
-1 -1 -1 -1 -1 
-1 -1 -1 -1 -1 
-1 -1 -1 -1 -1 
-1 -1 -1 -1 -1 
-1 -1 -1 -1 -1 
-1 -1 -1 -1 -1 
-1 -1 -1 -1 -1 
92.3013 44.2502 266.054 332.34 0.997201 
-1 -1 -1 -1 -1 
-1 -1 -1 -1 -1 
-1 -1 -1 -1 -1 
-1 -1 -1 -1 -1 
-1 -1 -1 -1 -1 
-1 -1 -1 -1 -1 
-1 -1 -1 -1 -1 
-1 -1 -1 -1 -1 
-1 -1 -1 -1 -1 
88.9731 19.247 255.429 345.828 0.993972 
-1 -1 -1 -1 -1 
-1 -1 -1 -1 -1 
-1 -1 -1 -1 -1 
-1 -1 -1 -1 -1 
-1 -1 -1 -1 -1 
-1 -1 -1 -1 -1 
-1 -1 -1 -1 -1 
-1 -1 -1 -1 -1 
-1 -1 -1 -1 -1 
88.0799 49.5563 264.281 349.0 0.997716 
-1 -1 -1 -1 -1 
-1 -1 -1 -1 -1 
-1 -1 -1 -1 -1 
-1 -1 -1 -1 -1 
-1 -1 -1 -1 -1 
-1 -1 -1 -1 -1 
-1 -1 -1 -1 -1 
-1 -1 -1 -1 -1 
-1 -1 -1 -1 -1 
92.4053 104.565 256.778 327.73 0.993623 
90.0351 195.274 225.495 275.156 0.253352 
-1 -1 -1 -1 -1 
-1 -1 -1 -1 -1 
-1 -1 -1 -1 -1 
-1 -1 -1 -1 -1 
-1 -1 -1 -1 -1 
-1 -1 -1 -1 -1 
-1 -1 -1 -1 -1 
-1 -1 -1 -1 -1 
90.2936 114.699 228.605 307.426 0.993034 
-1 -1 -1 -1 -1 
-1 -1 -1 -1 -1 
-1 -1 -1 -1 -1 
-1 -1 -1 -1 -1 
-1 -1 -1 -1 -1 
-1 -1 -1 -1 -1 
-1 -1 -1 -1 -1 
-1 -1 -1 -1 -1 
-1 -1 -1 -1 -1 
169.665 103.766 340.738 332.581 0.97689 
5.25824 87.2427 165.256 342.612 0.971662 
12.5173 87.5913 139.714 335.364 0.208174 
153.915 95.2152 337.204 329.412 0.110565 
-1 -1 -1 -1 -1 
-1 -1 -1 -1 -1 
-1 -1 -1 -1 -1 
-1 -1 -1 -1 -1 
-1 -1 -1 -1 -1 
-1 -1 -1 -1 -1 
115.689 94.875 254.113 310.041 0.996863 
-1 -1 -1 -1 -1 
-1 -1 -1 -1 -1 
-1 -1 -1 -1 -1 
-1 -1 -1 -1 -1 
-1 -1 -1 -1 -1 
-1 -1 -1 -1 -1 
-1 -1 -1 -1 -1 
-1 -1 -1 -1 -1 
-1 -1 -1 -1 -1 
96.1435 37.5136 267.042 338.892 0.998183 
-1 -1 -1 -1 -1 
-1 -1 -1 -1 -1 
-1 -1 -1 -1 -1 
-1 -1 -1 -1 -1 
-1 -1 -1 -1 -1 
-1 -1 -1 -1 -1 
-1 -1 -1 -1 -1 
-1 -1 -1 -1 -1 
-1 -1 -1 -1 -1 
96.0972 86.2323 256.215 344.857 0.998711 
-1 -1 -1 -1 -1 
-1 -1 -1 -1 -1 
-1 -1 -1 -1 -1 
-1 -1 -1 -1 -1 
-1 -1 -1 -1 -1 
-1 -1 -1 -1 -1 
-1 -1 -1 -1 -1 
-1 -1 -1 -1 -1 
-1 -1 -1 -1 -1 
80.5391 41.3918 269.923 329.252 0.999127 
-1 -1 -1 -1 -1 
-1 -1 -1 -1 -1 
-1 -1 -1 -1 -1 
-1 -1 -1 -1 -1 
-1 -1 -1 -1 -1 
-1 -1 -1 -1 -1 
-1 -1 -1 -1 -1 
-1 -1 -1 -1 -1 
-1 -1 -1 -1 -1 
94.8156 119.726 229.943 294.066 0.994432 
-1 -1 -1 -1 -1 
-1 -1 -1 -1 -1 
-1 -1 -1 -1 -1 
-1 -1 -1 -1 -1 
-1 -1 -1 -1 -1 
-1 -1 -1 -1 -1 
-1 -1 -1 -1 -1 
-1 -1 -1 -1 -1 
-1 -1 -1 -1 -1 
100.222 103.18 258.419 330.292 0.989876 
-1 -1 -1 -1 -1 
-1 -1 -1 -1 -1 
-1 -1 -1 -1 -1 
-1 -1 -1 -1 -1 
-1 -1 -1 -1 -1 
-1 -1 -1 -1 -1 
-1 -1 -1 -1 -1 
-1 -1 -1 -1 -1 
-1 -1 -1 -1 -1 
87.8848 100.325 259.944 338.422 0.996023 
-1 -1 -1 -1 -1 
-1 -1 -1 -1 -1 
-1 -1 -1 -1 -1 
-1 -1 -1 -1 -1 
-1 -1 -1 -1 -1 
-1 -1 -1 -1 -1 
-1 -1 -1 -1 -1 
-1 -1 -1 -1 -1 
-1 -1 -1 -1 -1 
109.257 91.0458 260.475 290.074 0.994995 
97.6562 269.985 231.682 333.393 0.110656 
-1 -1 -1 -1 -1 
-1 -1 -1 -1 -1 
-1 -1 -1 -1 -1 
-1 -1 -1 -1 -1 
-1 -1 -1 -1 -1 
-1 -1 -1 -1 -1 
-1 -1 -1 -1 -1 
-1 -1 -1 -1 -1 
85.3593 45.9919 265.718 334.951 0.998076 
-1 -1 -1 -1 -1 
-1 -1 -1 -1 -1 
-1 -1 -1 -1 -1 
-1 -1 -1 -1 -1 
-1 -1 -1 -1 -1 
-1 -1 -1 -1 -1 
-1 -1 -1 -1 -1 
-1 -1 -1 -1 -1 
-1 -1 -1 -1 -1 
112.01 96.21 242.836 332.631 0.995279 
-1 -1 -1 -1 -1 
-1 -1 -1 -1 -1 
-1 -1 -1 -1 -1 
-1 -1 -1 -1 -1 
-1 -1 -1 -1 -1 
-1 -1 -1 -1 -1 
-1 -1 -1 -1 -1 
-1 -1 -1 -1 -1 
-1 -1 -1 -1 -1 
95.6957 91.8872 267.909 319.572 0.953169 
100.301 93.3812 267.364 308.643 0.224466 
-1 -1 -1 -1 -1 
-1 -1 -1 -1 -1 
-1 -1 -1 -1 -1 
-1 -1 -1 -1 -1 
-1 -1 -1 -1 -1 
-1 -1 -1 -1 -1 
-1 -1 -1 -1 -1 
-1 -1 -1 -1 -1 
100.731 115.527 257.909 325.38 0.989318 
-1 -1 -1 -1 -1 
-1 -1 -1 -1 -1 
-1 -1 -1 -1 -1 
-1 -1 -1 -1 -1 
-1 -1 -1 -1 -1 
-1 -1 -1 -1 -1 
-1 -1 -1 -1 -1 
-1 -1 -1 -1 -1 
-1 -1 -1 -1 -1 
106.466 107.883 246.562 312.787 0.997038 
-1 -1 -1 -1 -1 
-1 -1 -1 -1 -1 
-1 -1 -1 -1 -1 
-1 -1 -1 -1 -1 
-1 -1 -1 -1 -1 
-1 -1 -1 -1 -1 
-1 -1 -1 -1 -1 
-1 -1 -1 -1 -1 
-1 -1 -1 -1 -1 
123.451 48.4931 235.683 237.381 0.991925 
-1 -1 -1 -1 -1 
-1 -1 -1 -1 -1 
-1 -1 -1 -1 -1 
-1 -1 -1 -1 -1 
-1 -1 -1 -1 -1 
-1 -1 -1 -1 -1 
-1 -1 -1 -1 -1 
-1 -1 -1 -1 -1 
-1 -1 -1 -1 -1 
90.5466 101.599 243.845 333.293 0.997907 
-1 -1 -1 -1 -1 
-1 -1 -1 -1 -1 
-1 -1 -1 -1 -1 
-1 -1 -1 -1 -1 
-1 -1 -1 -1 -1 
-1 -1 -1 -1 -1 
-1 -1 -1 -1 -1 
-1 -1 -1 -1 -1 
-1 -1 -1 -1 -1 
88.8434 86.6371 271.956 323.82 0.998895 
-1 -1 -1 -1 -1 
-1 -1 -1 -1 -1 
-1 -1 -1 -1 -1 
-1 -1 -1 -1 -1 
-1 -1 -1 -1 -1 
-1 -1 -1 -1 -1 
-1 -1 -1 -1 -1 
-1 -1 -1 -1 -1 
-1 -1 -1 -1 -1 
123.13 112.026 248.617 308.728 0.989708 
-1 -1 -1 -1 -1 
-1 -1 -1 -1 -1 
-1 -1 -1 -1 -1 
-1 -1 -1 -1 -1 
-1 -1 -1 -1 -1 
-1 -1 -1 -1 -1 
-1 -1 -1 -1 -1 
-1 -1 -1 -1 -1 
-1 -1 -1 -1 -1 
102.882 88.6569 253.922 311.01 0.995561 
-1 -1 -1 -1 -1 
-1 -1 -1 -1 -1 
-1 -1 -1 -1 -1 
-1 -1 -1 -1 -1 
-1 -1 -1 -1 -1 
-1 -1 -1 -1 -1 
-1 -1 -1 -1 -1 
-1 -1 -1 -1 -1 
-1 -1 -1 -1 -1 
107.608 121.182 239.478 336.509 0.997716 
-1 -1 -1 -1 -1 
-1 -1 -1 -1 -1 
-1 -1 -1 -1 -1 
-1 -1 -1 -1 -1 
-1 -1 -1 -1 -1 
-1 -1 -1 -1 -1 
-1 -1 -1 -1 -1 
-1 -1 -1 -1 -1 
-1 -1 -1 -1 -1 
87.2929 28.9999 254.229 339.643 0.998334 
-1 -1 -1 -1 -1 
-1 -1 -1 -1 -1 
-1 -1 -1 -1 -1 
-1 -1 -1 -1 -1 
-1 -1 -1 -1 -1 
-1 -1 -1 -1 -1 
-1 -1 -1 -1 -1 
-1 -1 -1 -1 -1 
-1 -1 -1 -1 -1 
95.1761 42.9666 261.84 330.721 0.996672 
-1 -1 -1 -1 -1 
-1 -1 -1 -1 -1 
-1 -1 -1 -1 -1 
-1 -1 -1 -1 -1 
-1 -1 -1 -1 -1 
-1 -1 -1 -1 -1 
-1 -1 -1 -1 -1 
-1 -1 -1 -1 -1 
-1 -1 -1 -1 -1 
108.384 87.832 238.114 325.143 0.989729 
96.7996 118.538 244.61 320.814 0.107072 
-1 -1 -1 -1 -1 
-1 -1 -1 -1 -1 
-1 -1 -1 -1 -1 
-1 -1 -1 -1 -1 
-1 -1 -1 -1 -1 
-1 -1 -1 -1 -1 
-1 -1 -1 -1 -1 
-1 -1 -1 -1 -1 
80.2708 48.8945 270.273 345.137 0.998547 
-1 -1 -1 -1 -1 
-1 -1 -1 -1 -1 
-1 -1 -1 -1 -1 
-1 -1 -1 -1 -1 
-1 -1 -1 -1 -1 
-1 -1 -1 -1 -1 
-1 -1 -1 -1 -1 
-1 -1 -1 -1 -1 
-1 -1 -1 -1 -1 
109.358 68.9061 240.94 346.181 0.965722 
-1 -1 -1 -1 -1 
-1 -1 -1 -1 -1 
-1 -1 -1 -1 -1 
-1 -1 -1 -1 -1 
-1 -1 -1 -1 -1 
-1 -1 -1 -1 -1 
-1 -1 -1 -1 -1 
-1 -1 -1 -1 -1 
-1 -1 -1 -1 -1 
83.4687 102.661 254.06 326.009 0.986597 
-1 -1 -1 -1 -1 
-1 -1 -1 -1 -1 
-1 -1 -1 -1 -1 
-1 -1 -1 -1 -1 
-1 -1 -1 -1 -1 
-1 -1 -1 -1 -1 
-1 -1 -1 -1 -1 
-1 -1 -1 -1 -1 
-1 -1 -1 -1 -1 
92.892 101.63 260.192 332.574 0.999312 
-1 -1 -1 -1 -1 
-1 -1 -1 -1 -1 
-1 -1 -1 -1 -1 
-1 -1 -1 -1 -1 
-1 -1 -1 -1 -1 
-1 -1 -1 -1 -1 
-1 -1 -1 -1 -1 
-1 -1 -1 -1 -1 
-1 -1 -1 -1 -1 
100.478 100.994 256.193 337.037 0.996476 
-1 -1 -1 -1 -1 
-1 -1 -1 -1 -1 
-1 -1 -1 -1 -1 
-1 -1 -1 -1 -1 
-1 -1 -1 -1 -1 
-1 -1 -1 -1 -1 
-1 -1 -1 -1 -1 
-1 -1 -1 -1 -1 
-1 -1 -1 -1 -1 
94.9162 41.8632 243.5 320.293 0.997959 
-1 -1 -1 -1 -1 
-1 -1 -1 -1 -1 
-1 -1 -1 -1 -1 
-1 -1 -1 -1 -1 
-1 -1 -1 -1 -1 
-1 -1 -1 -1 -1 
-1 -1 -1 -1 -1 
-1 -1 -1 -1 -1 
-1 -1 -1 -1 -1 
95.238 52.2727 251.895 336.555 0.998815 
-1 -1 -1 -1 -1 
-1 -1 -1 -1 -1 
-1 -1 -1 -1 -1 
-1 -1 -1 -1 -1 
-1 -1 -1 -1 -1 
-1 -1 -1 -1 -1 
-1 -1 -1 -1 -1 
-1 -1 -1 -1 -1 
-1 -1 -1 -1 -1 
90.0408 17.5759 269.595 342.192 0.996349 
165.658 59.7559 310.05 313.313 0.841321 
-1 -1 -1 -1 -1 
-1 -1 -1 -1 -1 
-1 -1 -1 -1 -1 
-1 -1 -1 -1 -1 
-1 -1 -1 -1 -1 
-1 -1 -1 -1 -1 
-1 -1 -1 -1 -1 
-1 -1 -1 -1 -1 
100.481 116.761 251.676 337.371 0.997255 
-1 -1 -1 -1 -1 
-1 -1 -1 -1 -1 
-1 -1 -1 -1 -1 
-1 -1 -1 -1 -1 
-1 -1 -1 -1 -1 
-1 -1 -1 -1 -1 
-1 -1 -1 -1 -1 
-1 -1 -1 -1 -1 
-1 -1 -1 -1 -1 
98.5236 84.7976 245.662 317.328 0.996521 
-1 -1 -1 -1 -1 
-1 -1 -1 -1 -1 
-1 -1 -1 -1 -1 
-1 -1 -1 -1 -1 
-1 -1 -1 -1 -1 
-1 -1 -1 -1 -1 
-1 -1 -1 -1 -1 
-1 -1 -1 -1 -1 
-1 -1 -1 -1 -1 
22.8912 98.2043 152.141 313.255 0.990703 
224.688 156.446 304.423 315.155 0.975364 
230.881 63.5361 323.695 197.81 0.950295 
-1 -1 -1 -1 -1 
-1 -1 -1 -1 -1 
-1 -1 -1 -1 -1 
-1 -1 -1 -1 -1 
-1 -1 -1 -1 -1 
-1 -1 -1 -1 -1 
-1 -1 -1 -1 -1 
79.2221 52.5176 260.559 349.0 0.999083 
-1 -1 -1 -1 -1 
-1 -1 -1 -1 -1 
-1 -1 -1 -1 -1 
-1 -1 -1 -1 -1 
-1 -1 -1 -1 -1 
-1 -1 -1 -1 -1 
-1 -1 -1 -1 -1 
-1 -1 -1 -1 -1 
-1 -1 -1 -1 -1 
82.5171 36.7828 246.339 311.125 0.997983 
-1 -1 -1 -1 -1 
-1 -1 -1 -1 -1 
-1 -1 -1 -1 -1 
-1 -1 -1 -1 -1 
-1 -1 -1 -1 -1 
-1 -1 -1 -1 -1 
-1 -1 -1 -1 -1 
-1 -1 -1 -1 -1 
-1 -1 -1 -1 -1 
117.521 92.826 251.534 314.333 0.993163 
139.163 17.1967 204.702 47.7979 0.137628 
-1 -1 -1 -1 -1 
-1 -1 -1 -1 -1 
-1 -1 -1 -1 -1 
-1 -1 -1 -1 -1 
-1 -1 -1 -1 -1 
-1 -1 -1 -1 -1 
-1 -1 -1 -1 -1 
-1 -1 -1 -1 -1 
128.016 80.4623 270.128 316.397 0.995848 
-1 -1 -1 -1 -1 
-1 -1 -1 -1 -1 
-1 -1 -1 -1 -1 
-1 -1 -1 -1 -1 
-1 -1 -1 -1 -1 
-1 -1 -1 -1 -1 
-1 -1 -1 -1 -1 
-1 -1 -1 -1 -1 
-1 -1 -1 -1 -1 
70.3374 92.0888 261.716 339.687 0.996693 
-1 -1 -1 -1 -1 
-1 -1 -1 -1 -1 
-1 -1 -1 -1 -1 
-1 -1 -1 -1 -1 
-1 -1 -1 -1 -1 
-1 -1 -1 -1 -1 
-1 -1 -1 -1 -1 
-1 -1 -1 -1 -1 
-1 -1 -1 -1 -1 
96.746 58.2482 236.455 319.421 0.99729 
105.043 232.974 230.312 310.642 0.348383 
96.3795 195.168 229.944 273.578 0.120996 
-1 -1 -1 -1 -1 
-1 -1 -1 -1 -1 
-1 -1 -1 -1 -1 
-1 -1 -1 -1 -1 
-1 -1 -1 -1 -1 
-1 -1 -1 -1 -1 
-1 -1 -1 -1 -1 
117.376 70.0123 268.326 308.249 0.994525 
37.9409 6.36095 120.061 141.297 0.105031 
-1 -1 -1 -1 -1 
-1 -1 -1 -1 -1 
-1 -1 -1 -1 -1 
-1 -1 -1 -1 -1 
-1 -1 -1 -1 -1 
-1 -1 -1 -1 -1 
-1 -1 -1 -1 -1 
-1 -1 -1 -1 -1 
105.4 77.3951 244.918 325.084 0.996619 
0.0 27.294 143.775 174.635 0.318639 
241.045 5.88334 345.704 91.2927 0.101464 
-1 -1 -1 -1 -1 
-1 -1 -1 -1 -1 
-1 -1 -1 -1 -1 
-1 -1 -1 -1 -1 
-1 -1 -1 -1 -1 
-1 -1 -1 -1 -1 
-1 -1 -1 -1 -1 
43.9677 93.9221 174.332 297.146 0.994362 
230.612 53.9229 323.134 199.192 0.909235 
202.945 215.227 349.0 340.382 0.370357 
206.045 212.135 338.159 349.0 0.191913 
-1 -1 -1 -1 -1 
-1 -1 -1 -1 -1 
-1 -1 -1 -1 -1 
-1 -1 -1 -1 -1 
-1 -1 -1 -1 -1 
-1 -1 -1 -1 -1 
97.2927 30.3048 256.882 343.413 0.999178 
-1 -1 -1 -1 -1 
-1 -1 -1 -1 -1 
-1 -1 -1 -1 -1 
-1 -1 -1 -1 -1 
-1 -1 -1 -1 -1 
-1 -1 -1 -1 -1 
-1 -1 -1 -1 -1 
-1 -1 -1 -1 -1 
-1 -1 -1 -1 -1 
69.5876 97.227 247.072 327.505 0.996111 
-1 -1 -1 -1 -1 
-1 -1 -1 -1 -1 
-1 -1 -1 -1 -1 
-1 -1 -1 -1 -1 
-1 -1 -1 -1 -1 
-1 -1 -1 -1 -1 
-1 -1 -1 -1 -1 
-1 -1 -1 -1 -1 
-1 -1 -1 -1 -1 
71.2082 103.362 203.261 289.813 0.996472 
252.76 62.5142 331.077 172.818 0.974639 
271.605 175.211 314.133 287.206 0.688486 
76.5015 277.021 196.053 349.0 0.115647 
-1 -1 -1 -1 -1 
-1 -1 -1 -1 -1 
-1 -1 -1 -1 -1 
-1 -1 -1 -1 -1 
-1 -1 -1 -1 -1 
-1 -1 -1 -1 -1 
103.635 65.6729 260.452 325.882 0.999441 
-1 -1 -1 -1 -1 
-1 -1 -1 -1 -1 
-1 -1 -1 -1 -1 
-1 -1 -1 -1 -1 
-1 -1 -1 -1 -1 
-1 -1 -1 -1 -1 
-1 -1 -1 -1 -1 
-1 -1 -1 -1 -1 
-1 -1 -1 -1 -1 
105.168 103.32 256.302 335.973 0.997108 
-1 -1 -1 -1 -1 
-1 -1 -1 -1 -1 
-1 -1 -1 -1 -1 
-1 -1 -1 -1 -1 
-1 -1 -1 -1 -1 
-1 -1 -1 -1 -1 
-1 -1 -1 -1 -1 
-1 -1 -1 -1 -1 
-1 -1 -1 -1 -1 
88.7521 49.9756 269.014 318.013 0.999063 
-1 -1 -1 -1 -1 
-1 -1 -1 -1 -1 
-1 -1 -1 -1 -1 
-1 -1 -1 -1 -1 
-1 -1 -1 -1 -1 
-1 -1 -1 -1 -1 
-1 -1 -1 -1 -1 
-1 -1 -1 -1 -1 
-1 -1 -1 -1 -1 
97.9939 98.1026 238.873 300.013 0.994674 
-1 -1 -1 -1 -1 
-1 -1 -1 -1 -1 
-1 -1 -1 -1 -1 
-1 -1 -1 -1 -1 
-1 -1 -1 -1 -1 
-1 -1 -1 -1 -1 
-1 -1 -1 -1 -1 
-1 -1 -1 -1 -1 
-1 -1 -1 -1 -1 
96.2144 44.698 252.445 331.898 0.998227 
-1 -1 -1 -1 -1 
-1 -1 -1 -1 -1 
-1 -1 -1 -1 -1 
-1 -1 -1 -1 -1 
-1 -1 -1 -1 -1 
-1 -1 -1 -1 -1 
-1 -1 -1 -1 -1 
-1 -1 -1 -1 -1 
-1 -1 -1 -1 -1 
80.1236 40.0625 263.062 332.198 0.99926 
-1 -1 -1 -1 -1 
-1 -1 -1 -1 -1 
-1 -1 -1 -1 -1 
-1 -1 -1 -1 -1 
-1 -1 -1 -1 -1 
-1 -1 -1 -1 -1 
-1 -1 -1 -1 -1 
-1 -1 -1 -1 -1 
-1 -1 -1 -1 -1 
102.73 56.2804 250.833 340.799 0.998076 
187.932 58.7329 259.296 320.855 0.51708 
-1 -1 -1 -1 -1 
-1 -1 -1 -1 -1 
-1 -1 -1 -1 -1 
-1 -1 -1 -1 -1 
-1 -1 -1 -1 -1 
-1 -1 -1 -1 -1 
-1 -1 -1 -1 -1 
-1 -1 -1 -1 -1 
88.3262 75.5993 238.531 314.022 0.968689 
118.43 170.979 223.22 310.254 0.307385 
-1 -1 -1 -1 -1 
-1 -1 -1 -1 -1 
-1 -1 -1 -1 -1 
-1 -1 -1 -1 -1 
-1 -1 -1 -1 -1 
-1 -1 -1 -1 -1 
-1 -1 -1 -1 -1 
-1 -1 -1 -1 -1 
95.6957 91.8872 267.909 319.572 0.953169 
100.301 93.3812 267.364 308.643 0.224466 
-1 -1 -1 -1 -1 
-1 -1 -1 -1 -1 
-1 -1 -1 -1 -1 
-1 -1 -1 -1 -1 
-1 -1 -1 -1 -1 
-1 -1 -1 -1 -1 
-1 -1 -1 -1 -1 
-1 -1 -1 -1 -1 
114.905 77.5197 260.819 271.127 0.960006 
161.354 240.562 238.16 344.944 0.438057 
0.0 3.31544 102.852 128.949 0.111938 
-1 -1 -1 -1 -1 
-1 -1 -1 -1 -1 
-1 -1 -1 -1 -1 
-1 -1 -1 -1 -1 
-1 -1 -1 -1 -1 
-1 -1 -1 -1 -1 
-1 -1 -1 -1 -1 
89.78 31.2912 267.913 325.394 0.996461 
-1 -1 -1 -1 -1 
-1 -1 -1 -1 -1 
-1 -1 -1 -1 -1 
-1 -1 -1 -1 -1 
-1 -1 -1 -1 -1 
-1 -1 -1 -1 -1 
-1 -1 -1 -1 -1 
-1 -1 -1 -1 -1 
-1 -1 -1 -1 -1 
106.025 102.806 242.436 344.243 0.998318 
-1 -1 -1 -1 -1 
-1 -1 -1 -1 -1 
-1 -1 -1 -1 -1 
-1 -1 -1 -1 -1 
-1 -1 -1 -1 -1 
-1 -1 -1 -1 -1 
-1 -1 -1 -1 -1 
-1 -1 -1 -1 -1 
-1 -1 -1 -1 -1 
102.044 107.059 247.831 328.208 0.997264 
-1 -1 -1 -1 -1 
-1 -1 -1 -1 -1 
-1 -1 -1 -1 -1 
-1 -1 -1 -1 -1 
-1 -1 -1 -1 -1 
-1 -1 -1 -1 -1 
-1 -1 -1 -1 -1 
-1 -1 -1 -1 -1 
-1 -1 -1 -1 -1 
89.999 23.4482 255.443 338.141 0.99662 
-1 -1 -1 -1 -1 
-1 -1 -1 -1 -1 
-1 -1 -1 -1 -1 
-1 -1 -1 -1 -1 
-1 -1 -1 -1 -1 
-1 -1 -1 -1 -1 
-1 -1 -1 -1 -1 
-1 -1 -1 -1 -1 
-1 -1 -1 -1 -1 
103.024 99.997 246.095 303.171 0.994044 
117.412 292.266 229.78 349.0 0.126452 
-1 -1 -1 -1 -1 
-1 -1 -1 -1 -1 
-1 -1 -1 -1 -1 
-1 -1 -1 -1 -1 
-1 -1 -1 -1 -1 
-1 -1 -1 -1 -1 
-1 -1 -1 -1 -1 
-1 -1 -1 -1 -1 
101.247 101.626 244.464 324.048 0.997059 
-1 -1 -1 -1 -1 
-1 -1 -1 -1 -1 
-1 -1 -1 -1 -1 
-1 -1 -1 -1 -1 
-1 -1 -1 -1 -1 
-1 -1 -1 -1 -1 
-1 -1 -1 -1 -1 
-1 -1 -1 -1 -1 
-1 -1 -1 -1 -1 
98.5389 60.0775 256.658 341.395 0.99297 
-1 -1 -1 -1 -1 
-1 -1 -1 -1 -1 
-1 -1 -1 -1 -1 
-1 -1 -1 -1 -1 
-1 -1 -1 -1 -1 
-1 -1 -1 -1 -1 
-1 -1 -1 -1 -1 
-1 -1 -1 -1 -1 
-1 -1 -1 -1 -1 
71.8287 19.5724 282.393 343.131 0.997881 
-1 -1 -1 -1 -1 
-1 -1 -1 -1 -1 
-1 -1 -1 -1 -1 
-1 -1 -1 -1 -1 
-1 -1 -1 -1 -1 
-1 -1 -1 -1 -1 
-1 -1 -1 -1 -1 
-1 -1 -1 -1 -1 
-1 -1 -1 -1 -1 
79.5391 28.0461 261.242 347.925 0.999406 
-1 -1 -1 -1 -1 
-1 -1 -1 -1 -1 
-1 -1 -1 -1 -1 
-1 -1 -1 -1 -1 
-1 -1 -1 -1 -1 
-1 -1 -1 -1 -1 
-1 -1 -1 -1 -1 
-1 -1 -1 -1 -1 
-1 -1 -1 -1 -1 
97.6868 92.2228 261.885 333.205 0.998225 
-1 -1 -1 -1 -1 
-1 -1 -1 -1 -1 
-1 -1 -1 -1 -1 
-1 -1 -1 -1 -1 
-1 -1 -1 -1 -1 
-1 -1 -1 -1 -1 
-1 -1 -1 -1 -1 
-1 -1 -1 -1 -1 
-1 -1 -1 -1 -1 
107.608 121.182 239.478 336.509 0.997716 
-1 -1 -1 -1 -1 
-1 -1 -1 -1 -1 
-1 -1 -1 -1 -1 
-1 -1 -1 -1 -1 
-1 -1 -1 -1 -1 
-1 -1 -1 -1 -1 
-1 -1 -1 -1 -1 
-1 -1 -1 -1 -1 
-1 -1 -1 -1 -1 
85.9593 43.9387 264.742 343.538 0.999204 
-1 -1 -1 -1 -1 
-1 -1 -1 -1 -1 
-1 -1 -1 -1 -1 
-1 -1 -1 -1 -1 
-1 -1 -1 -1 -1 
-1 -1 -1 -1 -1 
-1 -1 -1 -1 -1 
-1 -1 -1 -1 -1 
-1 -1 -1 -1 -1 
125.966 75.1096 277.566 272.052 0.995093 
163.846 52.3162 283.836 270.172 0.164757 
-1 -1 -1 -1 -1 
-1 -1 -1 -1 -1 
-1 -1 -1 -1 -1 
-1 -1 -1 -1 -1 
-1 -1 -1 -1 -1 
-1 -1 -1 -1 -1 
-1 -1 -1 -1 -1 
-1 -1 -1 -1 -1 
88.796 98.6326 249.746 349.0 0.997559 
-1 -1 -1 -1 -1 
-1 -1 -1 -1 -1 
-1 -1 -1 -1 -1 
-1 -1 -1 -1 -1 
-1 -1 -1 -1 -1 
-1 -1 -1 -1 -1 
-1 -1 -1 -1 -1 
-1 -1 -1 -1 -1 
-1 -1 -1 -1 -1 
120.323 74.5771 244.287 291.627 0.993788 
-1 -1 -1 -1 -1 
-1 -1 -1 -1 -1 
-1 -1 -1 -1 -1 
-1 -1 -1 -1 -1 
-1 -1 -1 -1 -1 
-1 -1 -1 -1 -1 
-1 -1 -1 -1 -1 
-1 -1 -1 -1 -1 
-1 -1 -1 -1 -1 
114.298 97.0053 259.454 340.749 0.99785 
-1 -1 -1 -1 -1 
-1 -1 -1 -1 -1 
-1 -1 -1 -1 -1 
-1 -1 -1 -1 -1 
-1 -1 -1 -1 -1 
-1 -1 -1 -1 -1 
-1 -1 -1 -1 -1 
-1 -1 -1 -1 -1 
-1 -1 -1 -1 -1 
113.059 90.5581 240.361 309.645 0.995583 
-1 -1 -1 -1 -1 
-1 -1 -1 -1 -1 
-1 -1 -1 -1 -1 
-1 -1 -1 -1 -1 
-1 -1 -1 -1 -1 
-1 -1 -1 -1 -1 
-1 -1 -1 -1 -1 
-1 -1 -1 -1 -1 
-1 -1 -1 -1 -1 
81.0383 101.549 247.709 342.331 0.989827 
73.4848 91.2063 263.09 328.607 0.128251 
-1 -1 -1 -1 -1 
-1 -1 -1 -1 -1 
-1 -1 -1 -1 -1 
-1 -1 -1 -1 -1 
-1 -1 -1 -1 -1 
-1 -1 -1 -1 -1 
-1 -1 -1 -1 -1 
-1 -1 -1 -1 -1 
125.985 78.9421 241.769 264.976 0.967188 
56.5432 41.7312 119.593 251.56 0.216367 
95.6389 267.816 239.578 333.915 0.124567 
-1 -1 -1 -1 -1 
-1 -1 -1 -1 -1 
-1 -1 -1 -1 -1 
-1 -1 -1 -1 -1 
-1 -1 -1 -1 -1 
-1 -1 -1 -1 -1 
-1 -1 -1 -1 -1 
114.841 122.439 302.101 335.165 0.966105 
165.969 96.3465 314.388 349.0 0.750015 
33.3515 44.0518 137.665 272.187 0.399215 
52.4497 140.944 249.448 304.184 0.338152 
-1 -1 -1 -1 -1 
-1 -1 -1 -1 -1 
-1 -1 -1 -1 -1 
-1 -1 -1 -1 -1 
-1 -1 -1 -1 -1 
-1 -1 -1 -1 -1 
100.837 75.3512 288.107 306.199 0.995818 
94.2583 158.349 248.554 315.839 0.258038 
72.5509 188.49 159.889 277.842 0.206977 
-1 -1 -1 -1 -1 
-1 -1 -1 -1 -1 
-1 -1 -1 -1 -1 
-1 -1 -1 -1 -1 
-1 -1 -1 -1 -1 
-1 -1 -1 -1 -1 
-1 -1 -1 -1 -1 
107.229 86.1881 251.215 322.116 0.908983 
103.94 164.262 247.619 325.208 0.327931 
-1 -1 -1 -1 -1 
-1 -1 -1 -1 -1 
-1 -1 -1 -1 -1 
-1 -1 -1 -1 -1 
-1 -1 -1 -1 -1 
-1 -1 -1 -1 -1 
-1 -1 -1 -1 -1 
-1 -1 -1 -1 -1 
144.733 108.608 262.389 316.572 0.994573 
30.1936 206.275 217.462 327.548 0.30388 
67.9356 114.755 194.831 341.214 0.122195 
-1 -1 -1 -1 -1 
-1 -1 -1 -1 -1 
-1 -1 -1 -1 -1 
-1 -1 -1 -1 -1 
-1 -1 -1 -1 -1 
-1 -1 -1 -1 -1 
-1 -1 -1 -1 -1 
93.353 88.2355 241.165 329.746 0.992204 
45.5539 165.747 244.052 324.208 0.373158 
209.491 14.4854 326.06 197.268 0.102352 
-1 -1 -1 -1 -1 
-1 -1 -1 -1 -1 
-1 -1 -1 -1 -1 
-1 -1 -1 -1 -1 
-1 -1 -1 -1 -1 
-1 -1 -1 -1 -1 
-1 -1 -1 -1 -1 
119.658 90.107 253.366 281.57 0.541427 
158.287 172.151 260.144 319.149 0.241759 
17.6602 174.491 152.27 333.597 0.142112 
-1 -1 -1 -1 -1 
-1 -1 -1 -1 -1 
-1 -1 -1 -1 -1 
-1 -1 -1 -1 -1 
-1 -1 -1 -1 -1 
-1 -1 -1 -1 -1 
-1 -1 -1 -1 -1 
90.6441 102.606 258.701 322.156 0.863189 
94.8182 199.897 233.545 326.25 0.252633 
-1 -1 -1 -1 -1 
-1 -1 -1 -1 -1 
-1 -1 -1 -1 -1 
-1 -1 -1 -1 -1 
-1 -1 -1 -1 -1 
-1 -1 -1 -1 -1 
-1 -1 -1 -1 -1 
-1 -1 -1 -1 -1 
51.977 96.6627 223.545 332.086 0.927475 
151.105 100.758 228.059 240.23 0.39964 
172.26 34.9183 320.911 307.785 0.393274 
104.418 110.481 185.016 256.455 0.139935 
-1 -1 -1 -1 -1 
-1 -1 -1 -1 -1 
-1 -1 -1 -1 -1 
-1 -1 -1 -1 -1 
-1 -1 -1 -1 -1 
-1 -1 -1 -1 -1 
103.967 82.7683 238.728 309.536 0.839883 
107.513 192.536 238.207 342.019 0.178161 
-1 -1 -1 -1 -1 
-1 -1 -1 -1 -1 
-1 -1 -1 -1 -1 
-1 -1 -1 -1 -1 
-1 -1 -1 -1 -1 
-1 -1 -1 -1 -1 
-1 -1 -1 -1 -1 
-1 -1 -1 -1 -1 
97.3458 91.4999 248.452 336.226 0.998747 
-1 -1 -1 -1 -1 
-1 -1 -1 -1 -1 
-1 -1 -1 -1 -1 
-1 -1 -1 -1 -1 
-1 -1 -1 -1 -1 
-1 -1 -1 -1 -1 
-1 -1 -1 -1 -1 
-1 -1 -1 -1 -1 
-1 -1 -1 -1 -1 
123.533 91.6896 262.987 320.221 0.996538 
132.593 183.631 260.111 333.437 0.292165 
-1 -1 -1 -1 -1 
-1 -1 -1 -1 -1 
-1 -1 -1 -1 -1 
-1 -1 -1 -1 -1 
-1 -1 -1 -1 -1 
-1 -1 -1 -1 -1 
-1 -1 -1 -1 -1 
-1 -1 -1 -1 -1 
113.574 71.0131 235.284 292.139 0.990603 
129.859 172.613 233.609 306.639 0.604729 
-1 -1 -1 -1 -1 
-1 -1 -1 -1 -1 
-1 -1 -1 -1 -1 
-1 -1 -1 -1 -1 
-1 -1 -1 -1 -1 
-1 -1 -1 -1 -1 
-1 -1 -1 -1 -1 
-1 -1 -1 -1 -1 
101.346 77.6807 226.069 303.857 0.98471 
111.657 155.787 228.394 312.377 0.201376 
-1 -1 -1 -1 -1 
-1 -1 -1 -1 -1 
-1 -1 -1 -1 -1 
-1 -1 -1 -1 -1 
-1 -1 -1 -1 -1 
-1 -1 -1 -1 -1 
-1 -1 -1 -1 -1 
-1 -1 -1 -1 -1 
94.8708 98.9244 249.279 320.558 0.884191 
103.314 175.152 237.923 338.865 0.28836 
108.684 110.914 230.72 193.053 0.260245 
-1 -1 -1 -1 -1 
-1 -1 -1 -1 -1 
-1 -1 -1 -1 -1 
-1 -1 -1 -1 -1 
-1 -1 -1 -1 -1 
-1 -1 -1 -1 -1 
-1 -1 -1 -1 -1 
90.1924 103.793 252.548 330.775 0.997926 
79.1605 50.9981 150.802 305.089 0.315578 
-1 -1 -1 -1 -1 
-1 -1 -1 -1 -1 
-1 -1 -1 -1 -1 
-1 -1 -1 -1 -1 
-1 -1 -1 -1 -1 
-1 -1 -1 -1 -1 
-1 -1 -1 -1 -1 
-1 -1 -1 -1 -1 
106.132 101.483 258.47 349.0 0.991368 
-1 -1 -1 -1 -1 
-1 -1 -1 -1 -1 
-1 -1 -1 -1 -1 
-1 -1 -1 -1 -1 
-1 -1 -1 -1 -1 
-1 -1 -1 -1 -1 
-1 -1 -1 -1 -1 
-1 -1 -1 -1 -1 
-1 -1 -1 -1 -1 
106.361 94.2551 242.977 299.264 0.993849 
120.127 186.939 219.478 312.394 0.55159 
-1 -1 -1 -1 -1 
-1 -1 -1 -1 -1 
-1 -1 -1 -1 -1 
-1 -1 -1 -1 -1 
-1 -1 -1 -1 -1 
-1 -1 -1 -1 -1 
-1 -1 -1 -1 -1 
-1 -1 -1 -1 -1 
114.837 71.251 272.916 328.416 0.994738 
-1 -1 -1 -1 -1 
-1 -1 -1 -1 -1 
-1 -1 -1 -1 -1 
-1 -1 -1 -1 -1 
-1 -1 -1 -1 -1 
-1 -1 -1 -1 -1 
-1 -1 -1 -1 -1 
-1 -1 -1 -1 -1 
-1 -1 -1 -1 -1 
124.562 99.3453 266.519 318.486 0.996493 
-1 -1 -1 -1 -1 
-1 -1 -1 -1 -1 
-1 -1 -1 -1 -1 
-1 -1 -1 -1 -1 
-1 -1 -1 -1 -1 
-1 -1 -1 -1 -1 
-1 -1 -1 -1 -1 
-1 -1 -1 -1 -1 
-1 -1 -1 -1 -1 
126.774 114.898 277.762 294.45 0.996161 
-1 -1 -1 -1 -1 
-1 -1 -1 -1 -1 
-1 -1 -1 -1 -1 
-1 -1 -1 -1 -1 
-1 -1 -1 -1 -1 
-1 -1 -1 -1 -1 
-1 -1 -1 -1 -1 
-1 -1 -1 -1 -1 
-1 -1 -1 -1 -1 
110.747 84.7911 249.349 312.875 0.967308 
125.394 191.053 248.331 313.032 0.799735 
138.459 121.663 232.347 193.059 0.156491 
-1 -1 -1 -1 -1 
-1 -1 -1 -1 -1 
-1 -1 -1 -1 -1 
-1 -1 -1 -1 -1 
-1 -1 -1 -1 -1 
-1 -1 -1 -1 -1 
-1 -1 -1 -1 -1 
118.051 90.0961 233.494 264.675 0.924329 
123.129 203.731 233.15 318.992 0.73516 
-1 -1 -1 -1 -1 
-1 -1 -1 -1 -1 
-1 -1 -1 -1 -1 
-1 -1 -1 -1 -1 
-1 -1 -1 -1 -1 
-1 -1 -1 -1 -1 
-1 -1 -1 -1 -1 
-1 -1 -1 -1 -1 
112.736 92.3026 243.228 293.349 0.995367 
-1 -1 -1 -1 -1 
-1 -1 -1 -1 -1 
-1 -1 -1 -1 -1 
-1 -1 -1 -1 -1 
-1 -1 -1 -1 -1 
-1 -1 -1 -1 -1 
-1 -1 -1 -1 -1 
-1 -1 -1 -1 -1 
-1 -1 -1 -1 -1 
96.6423 76.3031 229.629 265.819 0.993343 
105.554 252.423 192.246 349.0 0.117128 
-1 -1 -1 -1 -1 
-1 -1 -1 -1 -1 
-1 -1 -1 -1 -1 
-1 -1 -1 -1 -1 
-1 -1 -1 -1 -1 
-1 -1 -1 -1 -1 
-1 -1 -1 -1 -1 
-1 -1 -1 -1 -1 
101.157 77.9256 267.642 302.677 0.966662 
116.027 183.216 247.553 293.915 0.363189 
-1 -1 -1 -1 -1 
-1 -1 -1 -1 -1 
-1 -1 -1 -1 -1 
-1 -1 -1 -1 -1 
-1 -1 -1 -1 -1 
-1 -1 -1 -1 -1 
-1 -1 -1 -1 -1 
-1 -1 -1 -1 -1 
98.5942 88.5089 230.384 318.758 0.99332 
111.135 187.788 198.516 287.406 0.333721 
116.895 101.276 221.026 178.611 0.275198 
96.6674 107.376 238.212 203.522 0.151687 
-1 -1 -1 -1 -1 
-1 -1 -1 -1 -1 
-1 -1 -1 -1 -1 
-1 -1 -1 -1 -1 
-1 -1 -1 -1 -1 
-1 -1 -1 -1 -1 
203.476 47.8704 320.225 312.938 0.976532 
47.1916 86.2764 146.932 248.574 0.949801 
52.8886 90.8298 129.725 297.666 0.279562 
69.2146 142.665 320.575 301.622 0.203321 
54.2915 97.2863 128.46 140.159 0.159445 
-1 -1 -1 -1 -1 
-1 -1 -1 -1 -1 
-1 -1 -1 -1 -1 
-1 -1 -1 -1 -1 
-1 -1 -1 -1 -1 
119.804 113.213 237.959 320.961 0.690841 
-1 -1 -1 -1 -1 
-1 -1 -1 -1 -1 
-1 -1 -1 -1 -1 
-1 -1 -1 -1 -1 
-1 -1 -1 -1 -1 
-1 -1 -1 -1 -1 
-1 -1 -1 -1 -1 
-1 -1 -1 -1 -1 
-1 -1 -1 -1 -1 
123.379 58.8687 232.573 189.963 0.983939 
125.374 179.929 242.972 325.86 0.553488 
-1 -1 -1 -1 -1 
-1 -1 -1 -1 -1 
-1 -1 -1 -1 -1 
-1 -1 -1 -1 -1 
-1 -1 -1 -1 -1 
-1 -1 -1 -1 -1 
-1 -1 -1 -1 -1 
-1 -1 -1 -1 -1 
149.004 50.3161 219.894 150.158 0.148599 
-1 -1 -1 -1 -1 
-1 -1 -1 -1 -1 
-1 -1 -1 -1 -1 
-1 -1 -1 -1 -1 
-1 -1 -1 -1 -1 
-1 -1 -1 -1 -1 
-1 -1 -1 -1 -1 
-1 -1 -1 -1 -1 
-1 -1 -1 -1 -1 
111.118 88.6625 244.944 301.402 0.987379 
113.089 147.561 242.967 313.479 0.58869 
-1 -1 -1 -1 -1 
-1 -1 -1 -1 -1 
-1 -1 -1 -1 -1 
-1 -1 -1 -1 -1 
-1 -1 -1 -1 -1 
-1 -1 -1 -1 -1 
-1 -1 -1 -1 -1 
-1 -1 -1 -1 -1 
121.251 101.378 234.37 321.177 0.995606 
-1 -1 -1 -1 -1 
-1 -1 -1 -1 -1 
-1 -1 -1 -1 -1 
-1 -1 -1 -1 -1 
-1 -1 -1 -1 -1 
-1 -1 -1 -1 -1 
-1 -1 -1 -1 -1 
-1 -1 -1 -1 -1 
-1 -1 -1 -1 -1 
116.772 59.5311 193.043 206.708 0.949396 
130.806 201.819 179.859 345.129 0.302172 
120.573 120.615 191.494 207.036 0.280319 
-1 -1 -1 -1 -1 
-1 -1 -1 -1 -1 
-1 -1 -1 -1 -1 
-1 -1 -1 -1 -1 
-1 -1 -1 -1 -1 
-1 -1 -1 -1 -1 
-1 -1 -1 -1 -1 
86.8438 89.6585 244.619 333.767 0.993371 
-1 -1 -1 -1 -1 
-1 -1 -1 -1 -1 
-1 -1 -1 -1 -1 
-1 -1 -1 -1 -1 
-1 -1 -1 -1 -1 
-1 -1 -1 -1 -1 
-1 -1 -1 -1 -1 
-1 -1 -1 -1 -1 
-1 -1 -1 -1 -1 
112.7 76.1738 250.813 333.976 0.995016 
-1 -1 -1 -1 -1 
-1 -1 -1 -1 -1 
-1 -1 -1 -1 -1 
-1 -1 -1 -1 -1 
-1 -1 -1 -1 -1 
-1 -1 -1 -1 -1 
-1 -1 -1 -1 -1 
-1 -1 -1 -1 -1 
-1 -1 -1 -1 -1 
106.717 79.08 252.938 312.059 0.995808 
-1 -1 -1 -1 -1 
-1 -1 -1 -1 -1 
-1 -1 -1 -1 -1 
-1 -1 -1 -1 -1 
-1 -1 -1 -1 -1 
-1 -1 -1 -1 -1 
-1 -1 -1 -1 -1 
-1 -1 -1 -1 -1 
-1 -1 -1 -1 -1 
105.023 89.7649 257.567 296.617 0.85044 
110.087 99.1774 271.582 269.138 0.482696 
146.89 260.17 254.904 320.726 0.113718 
-1 -1 -1 -1 -1 
-1 -1 -1 -1 -1 
-1 -1 -1 -1 -1 
-1 -1 -1 -1 -1 
-1 -1 -1 -1 -1 
-1 -1 -1 -1 -1 
-1 -1 -1 -1 -1 
116.915 75.3181 237.896 274.84 0.981683 
126.448 172.094 236.293 280.302 0.246878 
25.6607 29.6101 138.396 326.21 0.143148 
-1 -1 -1 -1 -1 
-1 -1 -1 -1 -1 
-1 -1 -1 -1 -1 
-1 -1 -1 -1 -1 
-1 -1 -1 -1 -1 
-1 -1 -1 -1 -1 
-1 -1 -1 -1 -1 
147.341 88.8587 284.263 301.588 0.9934 
-1 -1 -1 -1 -1 
-1 -1 -1 -1 -1 
-1 -1 -1 -1 -1 
-1 -1 -1 -1 -1 
-1 -1 -1 -1 -1 
-1 -1 -1 -1 -1 
-1 -1 -1 -1 -1 
-1 -1 -1 -1 -1 
-1 -1 -1 -1 -1 
94.7243 91.9507 241.782 306.114 0.990776 
117.052 257.834 189.591 310.471 0.556174 
-1 -1 -1 -1 -1 
-1 -1 -1 -1 -1 
-1 -1 -1 -1 -1 
-1 -1 -1 -1 -1 
-1 -1 -1 -1 -1 
-1 -1 -1 -1 -1 
-1 -1 -1 -1 -1 
-1 -1 -1 -1 -1 
103.341 88.5021 248.433 300.45 0.900096 
-1 -1 -1 -1 -1 
-1 -1 -1 -1 -1 
-1 -1 -1 -1 -1 
-1 -1 -1 -1 -1 
-1 -1 -1 -1 -1 
-1 -1 -1 -1 -1 
-1 -1 -1 -1 -1 
-1 -1 -1 -1 -1 
-1 -1 -1 -1 -1 
91.6302 85.6679 235.892 316.656 0.997359 
-1 -1 -1 -1 -1 
-1 -1 -1 -1 -1 
-1 -1 -1 -1 -1 
-1 -1 -1 -1 -1 
-1 -1 -1 -1 -1 
-1 -1 -1 -1 -1 
-1 -1 -1 -1 -1 
-1 -1 -1 -1 -1 
-1 -1 -1 -1 -1 
110.286 103.723 254.856 295.839 0.948736 
123.778 261.294 246.582 334.118 0.30173 
-1 -1 -1 -1 -1 
-1 -1 -1 -1 -1 
-1 -1 -1 -1 -1 
-1 -1 -1 -1 -1 
-1 -1 -1 -1 -1 
-1 -1 -1 -1 -1 
-1 -1 -1 -1 -1 
-1 -1 -1 -1 -1 
127.125 97.998 293.959 340.052 0.981933 
44.4499 29.3238 117.988 210.901 0.242573 
-1 -1 -1 -1 -1 
-1 -1 -1 -1 -1 
-1 -1 -1 -1 -1 
-1 -1 -1 -1 -1 
-1 -1 -1 -1 -1 
-1 -1 -1 -1 -1 
-1 -1 -1 -1 -1 
-1 -1 -1 -1 -1 
96.4701 87.1951 239.909 320.179 0.960889 
112.423 197.844 233.354 327.707 0.418924 
120.395 114.353 229.733 197.734 0.1424 
-1 -1 -1 -1 -1 
-1 -1 -1 -1 -1 
-1 -1 -1 -1 -1 
-1 -1 -1 -1 -1 
-1 -1 -1 -1 -1 
-1 -1 -1 -1 -1 
-1 -1 -1 -1 -1 
103.628 97.4045 241.342 315.524 0.964686 
99.2925 198.624 238.266 323.496 0.220886 
-1 -1 -1 -1 -1 
-1 -1 -1 -1 -1 
-1 -1 -1 -1 -1 
-1 -1 -1 -1 -1 
-1 -1 -1 -1 -1 
-1 -1 -1 -1 -1 
-1 -1 -1 -1 -1 
-1 -1 -1 -1 -1 
127.67 86.4379 270.436 328.425 0.993905 
-1 -1 -1 -1 -1 
-1 -1 -1 -1 -1 
-1 -1 -1 -1 -1 
-1 -1 -1 -1 -1 
-1 -1 -1 -1 -1 
-1 -1 -1 -1 -1 
-1 -1 -1 -1 -1 
-1 -1 -1 -1 -1 
-1 -1 -1 -1 -1 
97.6836 98.6322 242.267 311.913 0.993132 
59.7763 72.1042 137.938 336.465 0.115638 
64.5821 159.707 128.752 309.115 0.110027 
-1 -1 -1 -1 -1 
-1 -1 -1 -1 -1 
-1 -1 -1 -1 -1 
-1 -1 -1 -1 -1 
-1 -1 -1 -1 -1 
-1 -1 -1 -1 -1 
-1 -1 -1 -1 -1 
116.187 63.6111 226.578 319.25 0.998319 
-1 -1 -1 -1 -1 
-1 -1 -1 -1 -1 
-1 -1 -1 -1 -1 
-1 -1 -1 -1 -1 
-1 -1 -1 -1 -1 
-1 -1 -1 -1 -1 
-1 -1 -1 -1 -1 
-1 -1 -1 -1 -1 
-1 -1 -1 -1 -1 
102.736 65.9319 260.754 345.697 0.99341 
8.77723 0.0 126.982 293.878 0.19868 
-1 -1 -1 -1 -1 
-1 -1 -1 -1 -1 
-1 -1 -1 -1 -1 
-1 -1 -1 -1 -1 
-1 -1 -1 -1 -1 
-1 -1 -1 -1 -1 
-1 -1 -1 -1 -1 
-1 -1 -1 -1 -1 
91.7027 77.8228 261.089 333.801 0.987692 
95.8385 146.943 162.458 335.354 0.188247 
-1 -1 -1 -1 -1 
-1 -1 -1 -1 -1 
-1 -1 -1 -1 -1 
-1 -1 -1 -1 -1 
-1 -1 -1 -1 -1 
-1 -1 -1 -1 -1 
-1 -1 -1 -1 -1 
-1 -1 -1 -1 -1 
99.9311 101.26 246.693 332.294 0.994381 
-1 -1 -1 -1 -1 
-1 -1 -1 -1 -1 
-1 -1 -1 -1 -1 
-1 -1 -1 -1 -1 
-1 -1 -1 -1 -1 
-1 -1 -1 -1 -1 
-1 -1 -1 -1 -1 
-1 -1 -1 -1 -1 
-1 -1 -1 -1 -1 
107.493 61.2163 248.742 286.26 0.997326 
-1 -1 -1 -1 -1 
-1 -1 -1 -1 -1 
-1 -1 -1 -1 -1 
-1 -1 -1 -1 -1 
-1 -1 -1 -1 -1 
-1 -1 -1 -1 -1 
-1 -1 -1 -1 -1 
-1 -1 -1 -1 -1 
-1 -1 -1 -1 -1 
102.918 107.887 247.817 309.848 0.972468 
107.665 162.519 247.475 315.289 0.230916 
-1 -1 -1 -1 -1 
-1 -1 -1 -1 -1 
-1 -1 -1 -1 -1 
-1 -1 -1 -1 -1 
-1 -1 -1 -1 -1 
-1 -1 -1 -1 -1 
-1 -1 -1 -1 -1 
-1 -1 -1 -1 -1 
126.36 103.328 231.773 278.099 0.993567 
131.043 182.748 218.603 276.832 0.224109 
-1 -1 -1 -1 -1 
-1 -1 -1 -1 -1 
-1 -1 -1 -1 -1 
-1 -1 -1 -1 -1 
-1 -1 -1 -1 -1 
-1 -1 -1 -1 -1 
-1 -1 -1 -1 -1 
-1 -1 -1 -1 -1 
126.56 109.108 253.994 299.259 0.993826 
133.462 191.86 245.373 296.216 0.634994 
-1 -1 -1 -1 -1 
-1 -1 -1 -1 -1 
-1 -1 -1 -1 -1 
-1 -1 -1 -1 -1 
-1 -1 -1 -1 -1 
-1 -1 -1 -1 -1 
-1 -1 -1 -1 -1 
-1 -1 -1 -1 -1 
80.5561 67.6812 287.305 267.239 0.659556 
83.6234 242.457 262.174 290.762 0.15269 
90.5574 149.905 280.493 284.646 0.109778 
-1 -1 -1 -1 -1 
-1 -1 -1 -1 -1 
-1 -1 -1 -1 -1 
-1 -1 -1 -1 -1 
-1 -1 -1 -1 -1 
-1 -1 -1 -1 -1 
-1 -1 -1 -1 -1 
99.8102 84.8075 252.318 334.926 0.993943 
-1 -1 -1 -1 -1 
-1 -1 -1 -1 -1 
-1 -1 -1 -1 -1 
-1 -1 -1 -1 -1 
-1 -1 -1 -1 -1 
-1 -1 -1 -1 -1 
-1 -1 -1 -1 -1 
-1 -1 -1 -1 -1 
-1 -1 -1 -1 -1 
124.116 58.8188 234.927 284.028 0.930402 
-1 -1 -1 -1 -1 
-1 -1 -1 -1 -1 
-1 -1 -1 -1 -1 
-1 -1 -1 -1 -1 
-1 -1 -1 -1 -1 
-1 -1 -1 -1 -1 
-1 -1 -1 -1 -1 
-1 -1 -1 -1 -1 
-1 -1 -1 -1 -1 
109.205 88.5352 243.0 316.895 0.991864 
-1 -1 -1 -1 -1 
-1 -1 -1 -1 -1 
-1 -1 -1 -1 -1 
-1 -1 -1 -1 -1 
-1 -1 -1 -1 -1 
-1 -1 -1 -1 -1 
-1 -1 -1 -1 -1 
-1 -1 -1 -1 -1 
-1 -1 -1 -1 -1 
111.996 72.2209 231.1 254.22 0.989724 
144.745 259.705 223.025 317.759 0.341491 
134.58 162.136 215.406 297.741 0.175181 
-1 -1 -1 -1 -1 
-1 -1 -1 -1 -1 
-1 -1 -1 -1 -1 
-1 -1 -1 -1 -1 
-1 -1 -1 -1 -1 
-1 -1 -1 -1 -1 
-1 -1 -1 -1 -1 
163.135 79.8483 282.439 224.478 0.805419 
155.281 171.594 293.646 339.332 0.464981 
-1 -1 -1 -1 -1 
-1 -1 -1 -1 -1 
-1 -1 -1 -1 -1 
-1 -1 -1 -1 -1 
-1 -1 -1 -1 -1 
-1 -1 -1 -1 -1 
-1 -1 -1 -1 -1 
-1 -1 -1 -1 -1 
104.664 90.226 254.19 343.255 0.997003 
-1 -1 -1 -1 -1 
-1 -1 -1 -1 -1 
-1 -1 -1 -1 -1 
-1 -1 -1 -1 -1 
-1 -1 -1 -1 -1 
-1 -1 -1 -1 -1 
-1 -1 -1 -1 -1 
-1 -1 -1 -1 -1 
-1 -1 -1 -1 -1 
128.993 82.283 249.285 333.33 0.730056 
138.903 56.1373 229.565 180.791 0.384447 
121.887 93.7291 243.495 312.852 0.339302 
-1 -1 -1 -1 -1 
-1 -1 -1 -1 -1 
-1 -1 -1 -1 -1 
-1 -1 -1 -1 -1 
-1 -1 -1 -1 -1 
-1 -1 -1 -1 -1 
-1 -1 -1 -1 -1 
106.281 95.8319 232.047 307.83 0.991903 
-1 -1 -1 -1 -1 
-1 -1 -1 -1 -1 
-1 -1 -1 -1 -1 
-1 -1 -1 -1 -1 
-1 -1 -1 -1 -1 
-1 -1 -1 -1 -1 
-1 -1 -1 -1 -1 
-1 -1 -1 -1 -1 
-1 -1 -1 -1 -1 
97.4037 106.165 263.359 322.471 0.901611 
-1 -1 -1 -1 -1 
-1 -1 -1 -1 -1 
-1 -1 -1 -1 -1 
-1 -1 -1 -1 -1 
-1 -1 -1 -1 -1 
-1 -1 -1 -1 -1 
-1 -1 -1 -1 -1 
-1 -1 -1 -1 -1 
-1 -1 -1 -1 -1 
107.624 73.6025 238.644 301.865 0.90233 
-1 -1 -1 -1 -1 
-1 -1 -1 -1 -1 
-1 -1 -1 -1 -1 
-1 -1 -1 -1 -1 
-1 -1 -1 -1 -1 
-1 -1 -1 -1 -1 
-1 -1 -1 -1 -1 
-1 -1 -1 -1 -1 
-1 -1 -1 -1 -1 
126.828 197.171 236.733 299.161 0.666642 
125.59 81.0388 232.088 236.268 0.372873 
-1 -1 -1 -1 -1 
-1 -1 -1 -1 -1 
-1 -1 -1 -1 -1 
-1 -1 -1 -1 -1 
-1 -1 -1 -1 -1 
-1 -1 -1 -1 -1 
-1 -1 -1 -1 -1 
-1 -1 -1 -1 -1 
90.5072 107.128 246.876 334.857 0.985794 
-1 -1 -1 -1 -1 
-1 -1 -1 -1 -1 
-1 -1 -1 -1 -1 
-1 -1 -1 -1 -1 
-1 -1 -1 -1 -1 
-1 -1 -1 -1 -1 
-1 -1 -1 -1 -1 
-1 -1 -1 -1 -1 
-1 -1 -1 -1 -1 
93.2067 71.642 220.518 320.527 0.963315 
274.955 98.4281 341.165 256.136 0.330373 
137.832 67.2055 216.549 170.921 0.300638 
94.4147 121.807 197.907 309.131 0.233004 
-1 -1 -1 -1 -1 
-1 -1 -1 -1 -1 
-1 -1 -1 -1 -1 
-1 -1 -1 -1 -1 
-1 -1 -1 -1 -1 
-1 -1 -1 -1 -1 
112.301 101.183 250.988 326.913 0.995527 
171.668 51.7823 283.04 316.479 0.171251 
-1 -1 -1 -1 -1 
-1 -1 -1 -1 -1 
-1 -1 -1 -1 -1 
-1 -1 -1 -1 -1 
-1 -1 -1 -1 -1 
-1 -1 -1 -1 -1 
-1 -1 -1 -1 -1 
-1 -1 -1 -1 -1 
99.8352 104.242 263.381 340.866 0.980712 
-1 -1 -1 -1 -1 
-1 -1 -1 -1 -1 
-1 -1 -1 -1 -1 
-1 -1 -1 -1 -1 
-1 -1 -1 -1 -1 
-1 -1 -1 -1 -1 
-1 -1 -1 -1 -1 
-1 -1 -1 -1 -1 
-1 -1 -1 -1 -1 
103.491 62.5071 263.11 323.559 0.998102 
-1 -1 -1 -1 -1 
-1 -1 -1 -1 -1 
-1 -1 -1 -1 -1 
-1 -1 -1 -1 -1 
-1 -1 -1 -1 -1 
-1 -1 -1 -1 -1 
-1 -1 -1 -1 -1 
-1 -1 -1 -1 -1 
-1 -1 -1 -1 -1 
110.45 90.4489 262.102 289.652 0.976867 
76.038 38.3217 147.491 254.21 0.26562 
131.071 137.403 246.175 293.298 0.103635 
-1 -1 -1 -1 -1 
-1 -1 -1 -1 -1 
-1 -1 -1 -1 -1 
-1 -1 -1 -1 -1 
-1 -1 -1 -1 -1 
-1 -1 -1 -1 -1 
-1 -1 -1 -1 -1 
83.5858 77.2254 228.91 287.915 0.871421 
112.268 130.606 229.226 288.832 0.284725 
-1 -1 -1 -1 -1 
-1 -1 -1 -1 -1 
-1 -1 -1 -1 -1 
-1 -1 -1 -1 -1 
-1 -1 -1 -1 -1 
-1 -1 -1 -1 -1 
-1 -1 -1 -1 -1 
-1 -1 -1 -1 -1 
101.765 81.7676 251.01 340.694 0.998077 
-1 -1 -1 -1 -1 
-1 -1 -1 -1 -1 
-1 -1 -1 -1 -1 
-1 -1 -1 -1 -1 
-1 -1 -1 -1 -1 
-1 -1 -1 -1 -1 
-1 -1 -1 -1 -1 
-1 -1 -1 -1 -1 
-1 -1 -1 -1 -1 
52.5485 104.333 202.42 324.756 0.997165 
220.989 119.667 341.178 324.994 0.992477 
-1 -1 -1 -1 -1 
-1 -1 -1 -1 -1 
-1 -1 -1 -1 -1 
-1 -1 -1 -1 -1 
-1 -1 -1 -1 -1 
-1 -1 -1 -1 -1 
-1 -1 -1 -1 -1 
-1 -1 -1 -1 -1 
210.125 64.1609 306.154 195.186 0.989063 
27.3749 76.4019 166.992 305.412 0.982106 
202.276 184.783 286.938 321.084 0.762906 
-1 -1 -1 -1 -1 
-1 -1 -1 -1 -1 
-1 -1 -1 -1 -1 
-1 -1 -1 -1 -1 
-1 -1 -1 -1 -1 
-1 -1 -1 -1 -1 
-1 -1 -1 -1 -1 
91.011 85.1882 258.139 317.589 0.997307 
-1 -1 -1 -1 -1 
-1 -1 -1 -1 -1 
-1 -1 -1 -1 -1 
-1 -1 -1 -1 -1 
-1 -1 -1 -1 -1 
-1 -1 -1 -1 -1 
-1 -1 -1 -1 -1 
-1 -1 -1 -1 -1 
-1 -1 -1 -1 -1 
212.242 79.4054 333.206 284.075 0.998978 
30.6812 80.6336 148.917 272.139 0.996405 
-1 -1 -1 -1 -1 
-1 -1 -1 -1 -1 
-1 -1 -1 -1 -1 
-1 -1 -1 -1 -1 
-1 -1 -1 -1 -1 
-1 -1 -1 -1 -1 
-1 -1 -1 -1 -1 
-1 -1 -1 -1 -1 
108.606 77.2182 243.189 283.764 0.99591 
108.27 125.723 227.524 312.19 0.342063 
105.091 258.809 233.588 307.015 0.29169 
-1 -1 -1 -1 -1 
-1 -1 -1 -1 -1 
-1 -1 -1 -1 -1 
-1 -1 -1 -1 -1 
-1 -1 -1 -1 -1 
-1 -1 -1 -1 -1 
-1 -1 -1 -1 -1 
108.999 88.3614 251.935 304.349 0.981375 
121.217 213.038 222.323 297.817 0.915698 
-1 -1 -1 -1 -1 
-1 -1 -1 -1 -1 
-1 -1 -1 -1 -1 
-1 -1 -1 -1 -1 
-1 -1 -1 -1 -1 
-1 -1 -1 -1 -1 
-1 -1 -1 -1 -1 
-1 -1 -1 -1 -1 
96.3014 104.638 238.729 325.289 0.956594 
-1 -1 -1 -1 -1 
-1 -1 -1 -1 -1 
-1 -1 -1 -1 -1 
-1 -1 -1 -1 -1 
-1 -1 -1 -1 -1 
-1 -1 -1 -1 -1 
-1 -1 -1 -1 -1 
-1 -1 -1 -1 -1 
-1 -1 -1 -1 -1 
120.717 95.4813 277.083 284.276 0.995945 
-1 -1 -1 -1 -1 
-1 -1 -1 -1 -1 
-1 -1 -1 -1 -1 
-1 -1 -1 -1 -1 
-1 -1 -1 -1 -1 
-1 -1 -1 -1 -1 
-1 -1 -1 -1 -1 
-1 -1 -1 -1 -1 
-1 -1 -1 -1 -1 
111.106 90.0682 238.4 341.633 0.948681 
-1 -1 -1 -1 -1 
-1 -1 -1 -1 -1 
-1 -1 -1 -1 -1 
-1 -1 -1 -1 -1 
-1 -1 -1 -1 -1 
-1 -1 -1 -1 -1 
-1 -1 -1 -1 -1 
-1 -1 -1 -1 -1 
-1 -1 -1 -1 -1 
115.391 79.2134 263.782 312.856 0.799482 
115.444 194.098 244.334 349.0 0.177596 
-1 -1 -1 -1 -1 
-1 -1 -1 -1 -1 
-1 -1 -1 -1 -1 
-1 -1 -1 -1 -1 
-1 -1 -1 -1 -1 
-1 -1 -1 -1 -1 
-1 -1 -1 -1 -1 
-1 -1 -1 -1 -1 
104.432 101.008 237.352 321.078 0.942348 
-1 -1 -1 -1 -1 
-1 -1 -1 -1 -1 
-1 -1 -1 -1 -1 
-1 -1 -1 -1 -1 
-1 -1 -1 -1 -1 
-1 -1 -1 -1 -1 
-1 -1 -1 -1 -1 
-1 -1 -1 -1 -1 
-1 -1 -1 -1 -1 
148.645 71.9224 297.648 268.955 0.988822 
147.151 129.882 289.727 266.299 0.147329 
-1 -1 -1 -1 -1 
-1 -1 -1 -1 -1 
-1 -1 -1 -1 -1 
-1 -1 -1 -1 -1 
-1 -1 -1 -1 -1 
-1 -1 -1 -1 -1 
-1 -1 -1 -1 -1 
-1 -1 -1 -1 -1 
106.598 106.69 256.584 345.457 0.991812 
-1 -1 -1 -1 -1 
-1 -1 -1 -1 -1 
-1 -1 -1 -1 -1 
-1 -1 -1 -1 -1 
-1 -1 -1 -1 -1 
-1 -1 -1 -1 -1 
-1 -1 -1 -1 -1 
-1 -1 -1 -1 -1 
-1 -1 -1 -1 -1 
116.846 74.8233 249.35 337.109 0.991789 
-1 -1 -1 -1 -1 
-1 -1 -1 -1 -1 
-1 -1 -1 -1 -1 
-1 -1 -1 -1 -1 
-1 -1 -1 -1 -1 
-1 -1 -1 -1 -1 
-1 -1 -1 -1 -1 
-1 -1 -1 -1 -1 
-1 -1 -1 -1 -1 
96.0424 88.347 250.612 340.412 0.997001 
-1 -1 -1 -1 -1 
-1 -1 -1 -1 -1 
-1 -1 -1 -1 -1 
-1 -1 -1 -1 -1 
-1 -1 -1 -1 -1 
-1 -1 -1 -1 -1 
-1 -1 -1 -1 -1 
-1 -1 -1 -1 -1 
-1 -1 -1 -1 -1 
