1600
5
124.717 90.7282 260.829 337.371 0.988534 
128.955 77.1561 255.738 271.478 0.252056 
124.821 177.919 248.425 344.755 0.100917 
-1 -1 -1 -1 -1 
-1 -1 -1 -1 -1 
-1 -1 -1 -1 -1 
-1 -1 -1 -1 -1 
-1 -1 -1 -1 -1 
-1 -1 -1 -1 -1 
-1 -1 -1 -1 -1 
117.629 75.8532 250.831 301.835 0.992156 
124.925 76.9998 245.764 253.082 0.191448 
-1 -1 -1 -1 -1 
-1 -1 -1 -1 -1 
-1 -1 -1 -1 -1 
-1 -1 -1 -1 -1 
-1 -1 -1 -1 -1 
-1 -1 -1 -1 -1 
-1 -1 -1 -1 -1 
-1 -1 -1 -1 -1 
107.728 76.4589 244.081 295.606 0.927429 
98.6783 120.087 283.153 306.682 0.525049 
114.782 100.833 267.055 308.999 0.481308 
-1 -1 -1 -1 -1 
-1 -1 -1 -1 -1 
-1 -1 -1 -1 -1 
-1 -1 -1 -1 -1 
-1 -1 -1 -1 -1 
-1 -1 -1 -1 -1 
-1 -1 -1 -1 -1 
120.941 32.8251 268.47 294.617 0.984426 
128.292 151.613 267.634 296.504 0.820503 
130.657 32.2524 259.439 201.399 0.476443 
-1 -1 -1 -1 -1 
-1 -1 -1 -1 -1 
-1 -1 -1 -1 -1 
-1 -1 -1 -1 -1 
-1 -1 -1 -1 -1 
-1 -1 -1 -1 -1 
-1 -1 -1 -1 -1 
114.559 91.1832 253.232 313.71 0.968743 
113.385 216.165 246.878 308.776 0.93797 
117.92 94.0534 246.217 245.375 0.468978 
-1 -1 -1 -1 -1 
-1 -1 -1 -1 -1 
-1 -1 -1 -1 -1 
-1 -1 -1 -1 -1 
-1 -1 -1 -1 -1 
-1 -1 -1 -1 -1 
-1 -1 -1 -1 -1 
70.7916 77.0359 264.724 240.769 0.989043 
84.5125 120.21 262.619 230.827 0.252566 
-1 -1 -1 -1 -1 
-1 -1 -1 -1 -1 
-1 -1 -1 -1 -1 
-1 -1 -1 -1 -1 
-1 -1 -1 -1 -1 
-1 -1 -1 -1 -1 
-1 -1 -1 -1 -1 
-1 -1 -1 -1 -1 
119.427 73.3235 226.699 259.726 0.86205 
105.396 76.265 222.219 256.385 0.747281 
113.15 100.026 255.694 244.484 0.202388 
-1 -1 -1 -1 -1 
-1 -1 -1 -1 -1 
-1 -1 -1 -1 -1 
-1 -1 -1 -1 -1 
-1 -1 -1 -1 -1 
-1 -1 -1 -1 -1 
-1 -1 -1 -1 -1 
86.67 44.3967 253.038 335.607 0.939676 
73.9305 46.8424 247.477 256.362 0.873614 
50.122 177.867 285.993 323.878 0.366074 
174.825 28.4602 338.0 280.987 0.330387 
208.95 205.928 344.388 270.717 0.253342 
66.4435 187.215 248.626 324.309 0.200862 
-1 -1 -1 -1 -1 
-1 -1 -1 -1 -1 
-1 -1 -1 -1 -1 
-1 -1 -1 -1 -1 
93.5478 82.2993 249.609 340.027 0.992013 
79.6313 102.998 240.107 211.963 0.509194 
103.485 169.638 240.83 311.768 0.198095 
57.4118 98.7983 249.247 175.891 0.192013 
66.0131 113.766 237.162 194.477 0.140614 
72.8196 103.814 145.668 183.604 0.118343 
-1 -1 -1 -1 -1 
-1 -1 -1 -1 -1 
-1 -1 -1 -1 -1 
-1 -1 -1 -1 -1 
115.345 42.3702 249.462 329.282 0.993524 
69.7328 181.16 268.647 316.959 0.633481 
98.4945 103.219 269.012 338.494 0.195346 
-1 -1 -1 -1 -1 
-1 -1 -1 -1 -1 
-1 -1 -1 -1 -1 
-1 -1 -1 -1 -1 
-1 -1 -1 -1 -1 
-1 -1 -1 -1 -1 
-1 -1 -1 -1 -1 
148.471 47.9536 220.342 196.484 0.947481 
148.564 111.643 223.377 191.668 0.426073 
141.02 58.0506 220.168 191.425 0.296508 
172.978 30.5945 323.416 345.762 0.187018 
35.9882 150.335 201.676 335.049 0.144349 
151.048 180.316 218.52 333.888 0.117853 
-1 -1 -1 -1 -1 
-1 -1 -1 -1 -1 
-1 -1 -1 -1 -1 
-1 -1 -1 -1 -1 
158.722 71.3193 312.934 332.823 0.629779 
69.3864 125.642 215.583 254.344 0.565838 
45.0781 141.437 213.329 345.34 0.553241 
80.2811 96.4681 330.952 329.68 0.535206 
167.552 158.987 312.671 345.13 0.310213 
98.5391 183.197 191.423 258.024 0.120006 
104.143 9.56624 317.348 178.472 0.113725 
-1 -1 -1 -1 -1 
-1 -1 -1 -1 -1 
-1 -1 -1 -1 -1 
100.656 25.8595 251.313 230.545 0.914657 
93.3359 24.9928 252.323 332.063 0.764094 
87.9681 31.6252 202.778 285.503 0.13368 
-1 -1 -1 -1 -1 
-1 -1 -1 -1 -1 
-1 -1 -1 -1 -1 
-1 -1 -1 -1 -1 
-1 -1 -1 -1 -1 
-1 -1 -1 -1 -1 
-1 -1 -1 -1 -1 
110.948 94.495 251.607 338.395 0.84201 
96.5332 101.818 251.225 346.048 0.694944 
-1 -1 -1 -1 -1 
-1 -1 -1 -1 -1 
-1 -1 -1 -1 -1 
-1 -1 -1 -1 -1 
-1 -1 -1 -1 -1 
-1 -1 -1 -1 -1 
-1 -1 -1 -1 -1 
-1 -1 -1 -1 -1 
124.798 74.8288 239.017 341.745 0.987402 
128.964 75.638 255.18 224.176 0.10151 
-1 -1 -1 -1 -1 
-1 -1 -1 -1 -1 
-1 -1 -1 -1 -1 
-1 -1 -1 -1 -1 
-1 -1 -1 -1 -1 
-1 -1 -1 -1 -1 
-1 -1 -1 -1 -1 
-1 -1 -1 -1 -1 
98.9017 78.1225 253.38 333.322 0.983414 
90.7527 120.125 253.908 338.294 0.355571 
100.869 159.468 241.323 335.724 0.27073 
136.805 73.1326 235.893 220.574 0.111116 
-1 -1 -1 -1 -1 
-1 -1 -1 -1 -1 
-1 -1 -1 -1 -1 
-1 -1 -1 -1 -1 
-1 -1 -1 -1 -1 
-1 -1 -1 -1 -1 
28.1901 55.494 116.077 200.507 0.97787 
228.338 143.936 311.318 294.964 0.950107 
236.702 145.436 319.28 317.46 0.675581 
23.4913 54.918 120.019 229.576 0.64793 
234.457 268.32 308.662 321.101 0.116633 
25.9715 184.292 126.237 228.914 0.106279 
-1 -1 -1 -1 -1 
-1 -1 -1 -1 -1 
-1 -1 -1 -1 -1 
-1 -1 -1 -1 -1 
124.58 65.611 218.028 291.997 0.97704 
123.092 68.9233 230.676 269.093 0.576873 
120.761 122.548 222.341 295.191 0.306788 
-1 -1 -1 -1 -1 
-1 -1 -1 -1 -1 
-1 -1 -1 -1 -1 
-1 -1 -1 -1 -1 
-1 -1 -1 -1 -1 
-1 -1 -1 -1 -1 
-1 -1 -1 -1 -1 
21.3156 96.3754 205.073 326.336 0.957509 
217.397 26.7962 349.0 312.938 0.818143 
239.142 18.4475 345.561 141.194 0.574187 
71.1443 92.3596 205.583 322.78 0.445446 
210.458 220.381 345.371 333.856 0.305029 
67.1225 189.986 230.547 309.846 0.276864 
77.2958 197.954 299.441 300.665 0.256424 
252.757 9.41599 339.575 149.754 0.175844 
231.012 48.548 345.29 256.064 0.13655 
151.938 0.0 333.3 328.473 0.120932 
122.809 72.5271 226.123 331.481 0.992664 
204.189 0.0 336.28 327.103 0.353708 
108.741 126.639 235.942 334.517 0.339868 
200.661 0.684813 335.555 338.782 0.337244 
111.788 70.9814 219.957 183.953 0.274579 
25.4275 43.7229 177.613 349.0 0.137083 
51.9042 65.3018 232.425 349.0 0.107639 
-1 -1 -1 -1 -1 
-1 -1 -1 -1 -1 
-1 -1 -1 -1 -1 
77.8674 83.39 258.063 339.369 0.983206 
93.6553 86.4225 247.725 322.927 0.448611 
-1 -1 -1 -1 -1 
-1 -1 -1 -1 -1 
-1 -1 -1 -1 -1 
-1 -1 -1 -1 -1 
-1 -1 -1 -1 -1 
-1 -1 -1 -1 -1 
-1 -1 -1 -1 -1 
-1 -1 -1 -1 -1 
54.3468 80.4233 292.273 343.739 0.832383 
34.6288 85.7061 299.738 307.044 0.825807 
55.7283 150.761 250.425 334.384 0.226298 
210.329 74.0389 340.686 349.0 0.224388 
184.494 97.788 269.377 285.546 0.201251 
23.038 42.1433 117.712 298.936 0.150454 
181.483 94.2262 262.857 289.59 0.112399 
-1 -1 -1 -1 -1 
-1 -1 -1 -1 -1 
-1 -1 -1 -1 -1 
88.0686 23.6852 265.194 307.991 0.988418 
17.7575 74.6615 143.338 338.103 0.351715 
54.7976 125.935 279.924 331.422 0.107166 
-1 -1 -1 -1 -1 
-1 -1 -1 -1 -1 
-1 -1 -1 -1 -1 
-1 -1 -1 -1 -1 
-1 -1 -1 -1 -1 
-1 -1 -1 -1 -1 
-1 -1 -1 -1 -1 
123.782 104.079 251.7 234.411 0.970339 
115.135 88.0244 247.132 264.634 0.848871 
127.041 166.562 245.99 235.623 0.513446 
123.016 231.072 252.873 335.073 0.459486 
-1 -1 -1 -1 -1 
-1 -1 -1 -1 -1 
-1 -1 -1 -1 -1 
-1 -1 -1 -1 -1 
-1 -1 -1 -1 -1 
-1 -1 -1 -1 -1 
88.9963 91.613 232.878 329.947 0.982157 
108.861 91.5759 225.053 297.288 0.642472 
-1 -1 -1 -1 -1 
-1 -1 -1 -1 -1 
-1 -1 -1 -1 -1 
-1 -1 -1 -1 -1 
-1 -1 -1 -1 -1 
-1 -1 -1 -1 -1 
-1 -1 -1 -1 -1 
-1 -1 -1 -1 -1 
86.5645 94.9866 270.11 348.697 0.931342 
130.17 88.7481 234.484 204.862 0.21799 
206.958 46.5144 343.05 335.698 0.212995 
-1 -1 -1 -1 -1 
-1 -1 -1 -1 -1 
-1 -1 -1 -1 -1 
-1 -1 -1 -1 -1 
-1 -1 -1 -1 -1 
-1 -1 -1 -1 -1 
-1 -1 -1 -1 -1 
97.8162 87.5971 233.989 339.144 0.985622 
115.684 82.2808 239.302 319.962 0.200394 
-1 -1 -1 -1 -1 
-1 -1 -1 -1 -1 
-1 -1 -1 -1 -1 
-1 -1 -1 -1 -1 
-1 -1 -1 -1 -1 
-1 -1 -1 -1 -1 
-1 -1 -1 -1 -1 
-1 -1 -1 -1 -1 
119.527 61.0158 239.787 319.23 0.952968 
119.243 68.5932 241.31 295.124 0.419147 
133.283 194.926 225.76 325.201 0.190091 
-1 -1 -1 -1 -1 
-1 -1 -1 -1 -1 
-1 -1 -1 -1 -1 
-1 -1 -1 -1 -1 
-1 -1 -1 -1 -1 
-1 -1 -1 -1 -1 
-1 -1 -1 -1 -1 
89.531 23.7438 268.857 271.944 0.990345 
80.6076 25.1351 288.063 312.932 0.730977 
64.8189 251.052 314.283 319.843 0.655385 
57.9691 32.6695 216.227 244.853 0.488424 
-1 -1 -1 -1 -1 
-1 -1 -1 -1 -1 
-1 -1 -1 -1 -1 
-1 -1 -1 -1 -1 
-1 -1 -1 -1 -1 
-1 -1 -1 -1 -1 
107.589 80.631 242.019 326.652 0.969688 
119.431 90.4185 242.038 258.036 0.931472 
106.829 217.577 236.358 324.198 0.526901 
-1 -1 -1 -1 -1 
-1 -1 -1 -1 -1 
-1 -1 -1 -1 -1 
-1 -1 -1 -1 -1 
-1 -1 -1 -1 -1 
-1 -1 -1 -1 -1 
-1 -1 -1 -1 -1 
96.4571 95.0398 285.381 331.57 0.985442 
87.8013 190.288 272.579 315.991 0.870249 
103.427 96.5571 245.098 229.438 0.536961 
-1 -1 -1 -1 -1 
-1 -1 -1 -1 -1 
-1 -1 -1 -1 -1 
-1 -1 -1 -1 -1 
-1 -1 -1 -1 -1 
-1 -1 -1 -1 -1 
-1 -1 -1 -1 -1 
87.7157 99.9154 255.538 308.038 0.98724 
105.518 92.9466 242.958 248.184 0.395608 
87.8953 179.8 269.882 313.65 0.137517 
-1 -1 -1 -1 -1 
-1 -1 -1 -1 -1 
-1 -1 -1 -1 -1 
-1 -1 -1 -1 -1 
-1 -1 -1 -1 -1 
-1 -1 -1 -1 -1 
-1 -1 -1 -1 -1 
188.663 29.8039 310.715 301.718 0.940529 
48.5641 36.9985 180.937 235.66 0.928514 
39.2227 61.0687 154.607 229.369 0.826852 
55.4424 64.6206 138.58 153.518 0.487674 
56.8117 136.423 141.958 226.793 0.48515 
59.0658 213.691 139.563 334.975 0.287681 
-1 -1 -1 -1 -1 
-1 -1 -1 -1 -1 
-1 -1 -1 -1 -1 
-1 -1 -1 -1 -1 
0.609536 65.1439 327.572 347.372 0.990143 
0.0 144.468 343.152 341.939 0.366203 
94.3742 47.512 256.174 144.655 0.258611 
0.0 169.058 335.619 331.987 0.206254 
88.9688 40.4406 249.617 215.585 0.145196 
-1 -1 -1 -1 -1 
-1 -1 -1 -1 -1 
-1 -1 -1 -1 -1 
-1 -1 -1 -1 -1 
-1 -1 -1 -1 -1 
143.601 10.684 234.659 333.189 0.951726 
143.396 94.5547 236.212 340.578 0.369166 
139.55 27.2339 230.952 144.633 0.258342 
134.044 25.7404 239.829 139.498 0.116994 
-1 -1 -1 -1 -1 
-1 -1 -1 -1 -1 
-1 -1 -1 -1 -1 
-1 -1 -1 -1 -1 
-1 -1 -1 -1 -1 
-1 -1 -1 -1 -1 
125.304 46.4818 226.66 207.869 0.962903 
134.518 66.5925 215.423 190.245 0.312032 
140.981 207.232 217.406 317.834 0.201437 
124.548 99.7561 214.774 218.522 0.178814 
-1 -1 -1 -1 -1 
-1 -1 -1 -1 -1 
-1 -1 -1 -1 -1 
-1 -1 -1 -1 -1 
-1 -1 -1 -1 -1 
-1 -1 -1 -1 -1 
109.704 75.9298 239.688 333.196 0.955094 
132.542 188.048 236.934 334.32 0.67276 
107.486 91.7359 216.568 226.078 0.312105 
-1 -1 -1 -1 -1 
-1 -1 -1 -1 -1 
-1 -1 -1 -1 -1 
-1 -1 -1 -1 -1 
-1 -1 -1 -1 -1 
-1 -1 -1 -1 -1 
-1 -1 -1 -1 -1 
65.342 126.548 184.954 217.152 0.961625 
58.5443 32.6529 191.898 224.771 0.864851 
72.7739 28.9386 185.096 131.105 0.857807 
56.3556 5.61497 180.973 308.01 0.116943 
-1 -1 -1 -1 -1 
-1 -1 -1 -1 -1 
-1 -1 -1 -1 -1 
-1 -1 -1 -1 -1 
-1 -1 -1 -1 -1 
-1 -1 -1 -1 -1 
109.721 102.979 236.2 332.259 0.921978 
131.055 111.001 243.258 236.221 0.871264 
112.35 218.628 230.587 339.904 0.526049 
-1 -1 -1 -1 -1 
-1 -1 -1 -1 -1 
-1 -1 -1 -1 -1 
-1 -1 -1 -1 -1 
-1 -1 -1 -1 -1 
-1 -1 -1 -1 -1 
-1 -1 -1 -1 -1 
113.672 74.4075 249.053 340.026 0.977978 
117.797 80.1065 243.473 276.888 0.716006 
-1 -1 -1 -1 -1 
-1 -1 -1 -1 -1 
-1 -1 -1 -1 -1 
-1 -1 -1 -1 -1 
-1 -1 -1 -1 -1 
-1 -1 -1 -1 -1 
-1 -1 -1 -1 -1 
-1 -1 -1 -1 -1 
116.983 86.0785 238.382 339.048 0.973252 
112.121 93.9816 230.297 245.679 0.55831 
136.793 211.33 235.029 348.617 0.233562 
-1 -1 -1 -1 -1 
-1 -1 -1 -1 -1 
-1 -1 -1 -1 -1 
-1 -1 -1 -1 -1 
-1 -1 -1 -1 -1 
-1 -1 -1 -1 -1 
-1 -1 -1 -1 -1 
122.279 74.9458 247.799 285.238 0.950787 
121.394 160.902 229.866 291.631 0.51676 
128.849 82.3527 246.017 225.012 0.485823 
-1 -1 -1 -1 -1 
-1 -1 -1 -1 -1 
-1 -1 -1 -1 -1 
-1 -1 -1 -1 -1 
-1 -1 -1 -1 -1 
-1 -1 -1 -1 -1 
-1 -1 -1 -1 -1 
121.82 70.0704 248.765 332.394 0.978817 
124.576 91.6241 237.673 233.214 0.605376 
122.912 184.664 239.651 336.161 0.125224 
122.335 160.682 240.888 333.041 0.100509 
-1 -1 -1 -1 -1 
-1 -1 -1 -1 -1 
-1 -1 -1 -1 -1 
-1 -1 -1 -1 -1 
-1 -1 -1 -1 -1 
-1 -1 -1 -1 -1 
116.136 105.719 221.992 314.602 0.88743 
108.329 104.856 230.205 349.0 0.711631 
-1 -1 -1 -1 -1 
-1 -1 -1 -1 -1 
-1 -1 -1 -1 -1 
-1 -1 -1 -1 -1 
-1 -1 -1 -1 -1 
-1 -1 -1 -1 -1 
-1 -1 -1 -1 -1 
-1 -1 -1 -1 -1 
78.0745 194.309 248.578 290.311 0.913284 
69.8664 68.9151 220.048 312.411 0.873882 
92.339 82.9294 202.974 222.393 0.816664 
192.859 54.7265 334.351 346.122 0.268931 
69.2845 111.977 216.221 229.009 0.221186 
136.877 199.601 193.678 279.148 0.151672 
-1 -1 -1 -1 -1 
-1 -1 -1 -1 -1 
-1 -1 -1 -1 -1 
-1 -1 -1 -1 -1 
111.49 78.3124 249.407 340.223 0.99699 
111.786 160.621 257.256 342.607 0.458406 
119.754 178.32 255.037 337.156 0.421248 
0.0 89.691 119.473 342.096 0.123225 
-1 -1 -1 -1 -1 
-1 -1 -1 -1 -1 
-1 -1 -1 -1 -1 
-1 -1 -1 -1 -1 
-1 -1 -1 -1 -1 
-1 -1 -1 -1 -1 
61.7107 89.039 264.768 326.622 0.986826 
128.334 78.8671 220.659 204.432 0.476501 
54.7268 186.349 285.79 325.522 0.413515 
-1 -1 -1 -1 -1 
-1 -1 -1 -1 -1 
-1 -1 -1 -1 -1 
-1 -1 -1 -1 -1 
-1 -1 -1 -1 -1 
-1 -1 -1 -1 -1 
-1 -1 -1 -1 -1 
83.1333 67.1141 246.553 328.425 0.96038 
94.0803 74.4407 233.839 190.392 0.5989 
91.7123 187.956 245.27 323.748 0.581859 
-1 -1 -1 -1 -1 
-1 -1 -1 -1 -1 
-1 -1 -1 -1 -1 
-1 -1 -1 -1 -1 
-1 -1 -1 -1 -1 
-1 -1 -1 -1 -1 
-1 -1 -1 -1 -1 
131.041 70.9672 253.366 343.514 0.834445 
129.501 73.5244 253.373 310.26 0.808798 
-1 -1 -1 -1 -1 
-1 -1 -1 -1 -1 
-1 -1 -1 -1 -1 
-1 -1 -1 -1 -1 
-1 -1 -1 -1 -1 
-1 -1 -1 -1 -1 
-1 -1 -1 -1 -1 
-1 -1 -1 -1 -1 
90.5619 79.1694 281.88 315.637 0.981459 
102.683 96.6875 286.807 318.672 0.761766 
99.7758 134.423 298.558 305.709 0.272135 
-1 -1 -1 -1 -1 
-1 -1 -1 -1 -1 
-1 -1 -1 -1 -1 
-1 -1 -1 -1 -1 
-1 -1 -1 -1 -1 
-1 -1 -1 -1 -1 
-1 -1 -1 -1 -1 
137.646 85.5477 274.901 331.788 0.864258 
150.024 89.6878 282.528 298.168 0.855637 
163.138 287.281 275.485 322.678 0.261404 
-1 -1 -1 -1 -1 
-1 -1 -1 -1 -1 
-1 -1 -1 -1 -1 
-1 -1 -1 -1 -1 
-1 -1 -1 -1 -1 
-1 -1 -1 -1 -1 
-1 -1 -1 -1 -1 
120.097 86.0383 276.74 336.674 0.956101 
135.048 98.4824 252.572 329.222 0.66583 
74.4533 120.928 263.053 313.946 0.258459 
-1 -1 -1 -1 -1 
-1 -1 -1 -1 -1 
-1 -1 -1 -1 -1 
-1 -1 -1 -1 -1 
-1 -1 -1 -1 -1 
-1 -1 -1 -1 -1 
-1 -1 -1 -1 -1 
124.08 77.8923 244.874 292.824 0.934697 
123.787 96.5478 241.831 318.783 0.889841 
-1 -1 -1 -1 -1 
-1 -1 -1 -1 -1 
-1 -1 -1 -1 -1 
-1 -1 -1 -1 -1 
-1 -1 -1 -1 -1 
-1 -1 -1 -1 -1 
-1 -1 -1 -1 -1 
-1 -1 -1 -1 -1 
142.46 76.5053 235.841 268.979 0.805652 
150.38 171.345 296.668 247.949 0.441152 
142.7 85.7647 273.376 249.478 0.415361 
30.2982 0.0 201.729 322.306 0.359286 
216.584 2.51625 287.212 346.579 0.30806 
177.267 9.23246 306.667 272.759 0.25884 
31.7366 5.0062 198.774 325.528 0.163191 
213.82 180.402 288.615 342.456 0.145263 
226.852 181.7 292.281 343.803 0.101049 
-1 -1 -1 -1 -1 
87.6101 81.8874 247.563 336.431 0.981308 
94.0354 90.841 248.277 319.98 0.284029 
-1 -1 -1 -1 -1 
-1 -1 -1 -1 -1 
-1 -1 -1 -1 -1 
-1 -1 -1 -1 -1 
-1 -1 -1 -1 -1 
-1 -1 -1 -1 -1 
-1 -1 -1 -1 -1 
-1 -1 -1 -1 -1 
164.617 82.3046 280.743 326.244 0.99628 
179.929 74.4652 270.328 201.409 0.261919 
-1 -1 -1 -1 -1 
-1 -1 -1 -1 -1 
-1 -1 -1 -1 -1 
-1 -1 -1 -1 -1 
-1 -1 -1 -1 -1 
-1 -1 -1 -1 -1 
-1 -1 -1 -1 -1 
-1 -1 -1 -1 -1 
7.33532 122.392 254.98 342.496 0.971917 
236.517 145.777 313.484 328.261 0.396779 
16.5135 28.7099 225.367 341.504 0.323168 
16.8877 145.113 216.767 349.0 0.261352 
174.215 126.96 277.408 334.468 0.150591 
-1 -1 -1 -1 -1 
-1 -1 -1 -1 -1 
-1 -1 -1 -1 -1 
-1 -1 -1 -1 -1 
-1 -1 -1 -1 -1 
114.624 65.2547 224.144 267.053 0.911729 
107.141 76.1689 232.978 269.383 0.564955 
-1 -1 -1 -1 -1 
-1 -1 -1 -1 -1 
-1 -1 -1 -1 -1 
-1 -1 -1 -1 -1 
-1 -1 -1 -1 -1 
-1 -1 -1 -1 -1 
-1 -1 -1 -1 -1 
-1 -1 -1 -1 -1 
105.631 66.7207 231.186 344.127 0.992333 
114.541 66.5472 232.089 225.051 0.314523 
-1 -1 -1 -1 -1 
-1 -1 -1 -1 -1 
-1 -1 -1 -1 -1 
-1 -1 -1 -1 -1 
-1 -1 -1 -1 -1 
-1 -1 -1 -1 -1 
-1 -1 -1 -1 -1 
-1 -1 -1 -1 -1 
115.637 58.6157 224.82 301.859 0.97048 
-1 -1 -1 -1 -1 
-1 -1 -1 -1 -1 
-1 -1 -1 -1 -1 
-1 -1 -1 -1 -1 
-1 -1 -1 -1 -1 
-1 -1 -1 -1 -1 
-1 -1 -1 -1 -1 
-1 -1 -1 -1 -1 
-1 -1 -1 -1 -1 
106.758 87.2872 243.206 337.677 0.887145 
110.235 99.3682 244.576 327.092 0.808028 
-1 -1 -1 -1 -1 
-1 -1 -1 -1 -1 
-1 -1 -1 -1 -1 
-1 -1 -1 -1 -1 
-1 -1 -1 -1 -1 
-1 -1 -1 -1 -1 
-1 -1 -1 -1 -1 
-1 -1 -1 -1 -1 
106.115 105.426 253.633 345.062 0.991978 
116.187 95.711 242.608 296.629 0.346146 
-1 -1 -1 -1 -1 
-1 -1 -1 -1 -1 
-1 -1 -1 -1 -1 
-1 -1 -1 -1 -1 
-1 -1 -1 -1 -1 
-1 -1 -1 -1 -1 
-1 -1 -1 -1 -1 
-1 -1 -1 -1 -1 
96.5898 80.4965 237.006 333.393 0.884064 
100.401 82.7638 236.746 288.089 0.563324 
-1 -1 -1 -1 -1 
-1 -1 -1 -1 -1 
-1 -1 -1 -1 -1 
-1 -1 -1 -1 -1 
-1 -1 -1 -1 -1 
-1 -1 -1 -1 -1 
-1 -1 -1 -1 -1 
-1 -1 -1 -1 -1 
124.196 81.9498 239.289 316.145 0.987349 
110.093 152.025 244.327 312.683 0.738138 
117.914 84.9391 229.268 189.847 0.176262 
114.98 180.842 241.977 314.002 0.13486 
50.3805 195.624 137.347 319.217 0.1315 
-1 -1 -1 -1 -1 
-1 -1 -1 -1 -1 
-1 -1 -1 -1 -1 
-1 -1 -1 -1 -1 
-1 -1 -1 -1 -1 
95.8795 88.5505 243.841 332.966 0.977816 
114.529 96.9387 229.001 315.972 0.405108 
-1 -1 -1 -1 -1 
-1 -1 -1 -1 -1 
-1 -1 -1 -1 -1 
-1 -1 -1 -1 -1 
-1 -1 -1 -1 -1 
-1 -1 -1 -1 -1 
-1 -1 -1 -1 -1 
-1 -1 -1 -1 -1 
121.087 87.9209 239.093 331.966 0.941999 
142.465 81.9104 233.009 249.655 0.373407 
100.255 182.898 232.307 315.794 0.267654 
17.0977 97.721 147.693 333.46 0.148768 
-1 -1 -1 -1 -1 
-1 -1 -1 -1 -1 
-1 -1 -1 -1 -1 
-1 -1 -1 -1 -1 
-1 -1 -1 -1 -1 
-1 -1 -1 -1 -1 
103.776 31.7623 253.558 311.229 0.978754 
104.059 43.2391 255.421 235.166 0.459872 
83.0351 160.362 283.348 317.093 0.105412 
-1 -1 -1 -1 -1 
-1 -1 -1 -1 -1 
-1 -1 -1 -1 -1 
-1 -1 -1 -1 -1 
-1 -1 -1 -1 -1 
-1 -1 -1 -1 -1 
-1 -1 -1 -1 -1 
117.467 79.244 257.367 342.757 0.984948 
122.229 89.0586 236.45 262.817 0.386157 
-1 -1 -1 -1 -1 
-1 -1 -1 -1 -1 
-1 -1 -1 -1 -1 
-1 -1 -1 -1 -1 
-1 -1 -1 -1 -1 
-1 -1 -1 -1 -1 
-1 -1 -1 -1 -1 
-1 -1 -1 -1 -1 
100.598 82.3276 246.253 324.334 0.977203 
99.6168 81.9978 234.342 253.945 0.425649 
-1 -1 -1 -1 -1 
-1 -1 -1 -1 -1 
-1 -1 -1 -1 -1 
-1 -1 -1 -1 -1 
-1 -1 -1 -1 -1 
-1 -1 -1 -1 -1 
-1 -1 -1 -1 -1 
-1 -1 -1 -1 -1 
113.885 77.4718 242.307 330.071 0.99063 
120.428 79.5796 234.954 300.657 0.101947 
-1 -1 -1 -1 -1 
-1 -1 -1 -1 -1 
-1 -1 -1 -1 -1 
-1 -1 -1 -1 -1 
-1 -1 -1 -1 -1 
-1 -1 -1 -1 -1 
-1 -1 -1 -1 -1 
-1 -1 -1 -1 -1 
78.0229 81.0084 209.16 343.147 0.972237 
67.4232 72.3215 205.573 292.398 0.26994 
-1 -1 -1 -1 -1 
-1 -1 -1 -1 -1 
-1 -1 -1 -1 -1 
-1 -1 -1 -1 -1 
-1 -1 -1 -1 -1 
-1 -1 -1 -1 -1 
-1 -1 -1 -1 -1 
-1 -1 -1 -1 -1 
104.739 80.4831 242.924 311.86 0.990754 
109.336 174.303 258.228 321.059 0.557359 
124.042 82.1565 237.603 230.227 0.149332 
-1 -1 -1 -1 -1 
-1 -1 -1 -1 -1 
-1 -1 -1 -1 -1 
-1 -1 -1 -1 -1 
-1 -1 -1 -1 -1 
-1 -1 -1 -1 -1 
-1 -1 -1 -1 -1 
116.72 81.8393 229.123 341.541 0.990808 
125.133 84.27 223.53 270.78 0.229894 
-1 -1 -1 -1 -1 
-1 -1 -1 -1 -1 
-1 -1 -1 -1 -1 
-1 -1 -1 -1 -1 
-1 -1 -1 -1 -1 
-1 -1 -1 -1 -1 
-1 -1 -1 -1 -1 
-1 -1 -1 -1 -1 
70.5502 111.433 222.056 341.031 0.870324 
58.6519 128.876 244.95 342.187 0.752911 
187.068 114.517 322.043 339.07 0.324722 
66.7035 179.981 304.073 332.828 0.232017 
181.322 114.376 320.776 348.805 0.135827 
217.223 0.0 319.091 202.735 0.125049 
196.842 211.567 304.793 303.597 0.114304 
171.507 180.03 247.502 308.144 0.108416 
-1 -1 -1 -1 -1 
-1 -1 -1 -1 -1 
127.079 75.0916 254.761 322.772 0.899245 
129.563 80.463 238.809 290.259 0.676103 
125.147 215.254 247.109 315.944 0.349223 
-1 -1 -1 -1 -1 
-1 -1 -1 -1 -1 
-1 -1 -1 -1 -1 
-1 -1 -1 -1 -1 
-1 -1 -1 -1 -1 
-1 -1 -1 -1 -1 
-1 -1 -1 -1 -1 
97.2856 101.599 248.673 254.14 0.929975 
110.936 100.681 236.465 300.977 0.851854 
156.684 244.377 235.989 326.833 0.417963 
-1 -1 -1 -1 -1 
-1 -1 -1 -1 -1 
-1 -1 -1 -1 -1 
-1 -1 -1 -1 -1 
-1 -1 -1 -1 -1 
-1 -1 -1 -1 -1 
-1 -1 -1 -1 -1 
46.028 55.2901 243.547 349.0 0.963688 
25.3508 181.463 296.352 342.451 0.860526 
206.018 37.4997 343.74 349.0 0.657391 
109.2 76.0628 223.981 238.195 0.573737 
-1 -1 -1 -1 -1 
-1 -1 -1 -1 -1 
-1 -1 -1 -1 -1 
-1 -1 -1 -1 -1 
-1 -1 -1 -1 -1 
-1 -1 -1 -1 -1 
98.7635 87.0567 229.17 345.076 0.992932 
209.867 144.203 343.302 335.662 0.242567 
104.495 87.7469 221.334 274.398 0.198613 
197.886 71.127 293.332 265.066 0.110824 
-1 -1 -1 -1 -1 
-1 -1 -1 -1 -1 
-1 -1 -1 -1 -1 
-1 -1 -1 -1 -1 
-1 -1 -1 -1 -1 
-1 -1 -1 -1 -1 
97.8381 85.7773 264.799 342.199 0.981039 
103.052 186.656 265.035 347.426 0.38136 
118.667 87.264 248.712 247.615 0.314321 
-1 -1 -1 -1 -1 
-1 -1 -1 -1 -1 
-1 -1 -1 -1 -1 
-1 -1 -1 -1 -1 
-1 -1 -1 -1 -1 
-1 -1 -1 -1 -1 
-1 -1 -1 -1 -1 
100.533 92.3441 244.156 339.966 0.861836 
102.445 70.3701 248.449 344.082 0.700504 
-1 -1 -1 -1 -1 
-1 -1 -1 -1 -1 
-1 -1 -1 -1 -1 
-1 -1 -1 -1 -1 
-1 -1 -1 -1 -1 
-1 -1 -1 -1 -1 
-1 -1 -1 -1 -1 
-1 -1 -1 -1 -1 
123.415 84.0647 245.221 338.881 0.975317 
139.404 188.668 230.084 341.136 0.444488 
116.981 94.4634 254.266 247.54 0.317954 
-1 -1 -1 -1 -1 
-1 -1 -1 -1 -1 
-1 -1 -1 -1 -1 
-1 -1 -1 -1 -1 
-1 -1 -1 -1 -1 
-1 -1 -1 -1 -1 
-1 -1 -1 -1 -1 
99.9724 79.7122 240.544 336.626 0.993014 
111.859 83.1826 236.882 256.899 0.220282 
-1 -1 -1 -1 -1 
-1 -1 -1 -1 -1 
-1 -1 -1 -1 -1 
-1 -1 -1 -1 -1 
-1 -1 -1 -1 -1 
-1 -1 -1 -1 -1 
-1 -1 -1 -1 -1 
-1 -1 -1 -1 -1 
119.129 39.3172 207.584 210.712 0.992811 
72.8458 201.757 219.154 338.379 0.125609 
114.436 49.9468 201.614 213.677 0.121311 
-1 -1 -1 -1 -1 
-1 -1 -1 -1 -1 
-1 -1 -1 -1 -1 
-1 -1 -1 -1 -1 
-1 -1 -1 -1 -1 
-1 -1 -1 -1 -1 
-1 -1 -1 -1 -1 
109.9 70.4861 252.848 342.691 0.997817 
-1 -1 -1 -1 -1 
-1 -1 -1 -1 -1 
-1 -1 -1 -1 -1 
-1 -1 -1 -1 -1 
-1 -1 -1 -1 -1 
-1 -1 -1 -1 -1 
-1 -1 -1 -1 -1 
-1 -1 -1 -1 -1 
-1 -1 -1 -1 -1 
88.3012 78.4771 245.164 334.155 0.99468 
93.7349 173.211 245.192 326.829 0.140385 
-1 -1 -1 -1 -1 
-1 -1 -1 -1 -1 
-1 -1 -1 -1 -1 
-1 -1 -1 -1 -1 
-1 -1 -1 -1 -1 
-1 -1 -1 -1 -1 
-1 -1 -1 -1 -1 
-1 -1 -1 -1 -1 
104.857 114.345 268.728 338.642 0.921754 
124.898 98.2036 255.715 270.93 0.672399 
101.279 212.272 256.075 334.254 0.41284 
-1 -1 -1 -1 -1 
-1 -1 -1 -1 -1 
-1 -1 -1 -1 -1 
-1 -1 -1 -1 -1 
-1 -1 -1 -1 -1 
-1 -1 -1 -1 -1 
-1 -1 -1 -1 -1 
32.9304 84.9448 299.563 311.115 0.936366 
133.175 14.1947 303.396 320.037 0.873783 
28.5714 103.94 306.185 295.516 0.569883 
162.297 7.30164 290.598 251.77 0.131647 
-1 -1 -1 -1 -1 
-1 -1 -1 -1 -1 
-1 -1 -1 -1 -1 
-1 -1 -1 -1 -1 
-1 -1 -1 -1 -1 
-1 -1 -1 -1 -1 
95.6697 106.823 267.282 340.014 0.985797 
125.425 84.4968 242.507 273.95 0.313331 
92.9913 202.275 282.29 328.918 0.192519 
-1 -1 -1 -1 -1 
-1 -1 -1 -1 -1 
-1 -1 -1 -1 -1 
-1 -1 -1 -1 -1 
-1 -1 -1 -1 -1 
-1 -1 -1 -1 -1 
-1 -1 -1 -1 -1 
133.599 72.4903 275.42 323.449 0.991147 
143.311 161.766 275.291 320.129 0.89795 
153.395 85.1748 262.046 204.578 0.379605 
-1 -1 -1 -1 -1 
-1 -1 -1 -1 -1 
-1 -1 -1 -1 -1 
-1 -1 -1 -1 -1 
-1 -1 -1 -1 -1 
-1 -1 -1 -1 -1 
-1 -1 -1 -1 -1 
129.084 63.421 207.359 189.299 0.99327 
139.558 184.464 199.403 330.371 0.133531 
129.647 52.488 215.904 135.424 0.110892 
-1 -1 -1 -1 -1 
-1 -1 -1 -1 -1 
-1 -1 -1 -1 -1 
-1 -1 -1 -1 -1 
-1 -1 -1 -1 -1 
-1 -1 -1 -1 -1 
-1 -1 -1 -1 -1 
113.003 88.7714 248.243 331.946 0.991814 
0.0 29.4439 154.738 313.704 0.792445 
148.815 79.2861 260.585 237.827 0.26749 
121.75 146.893 242.548 330.895 0.235666 
0.0 66.2344 173.685 329.366 0.161288 
-1 -1 -1 -1 -1 
-1 -1 -1 -1 -1 
-1 -1 -1 -1 -1 
-1 -1 -1 -1 -1 
-1 -1 -1 -1 -1 
128.617 89.4835 232.424 339.033 0.986277 
102.343 83.4133 239.865 284.98 0.389239 
126.367 191.486 221.862 335.689 0.117044 
-1 -1 -1 -1 -1 
-1 -1 -1 -1 -1 
-1 -1 -1 -1 -1 
-1 -1 -1 -1 -1 
-1 -1 -1 -1 -1 
-1 -1 -1 -1 -1 
-1 -1 -1 -1 -1 
134.193 122.014 346.743 304.854 0.99703 
41.0701 105.148 119.091 218.675 0.944262 
45.1616 203.926 119.674 273.982 0.881716 
167.243 145.707 333.126 307.252 0.748892 
29.1467 120.89 127.929 269.742 0.706113 
-1 -1 -1 -1 -1 
-1 -1 -1 -1 -1 
-1 -1 -1 -1 -1 
-1 -1 -1 -1 -1 
-1 -1 -1 -1 -1 
120.049 92.328 249.757 335.561 0.991535 
139.501 88.0833 253.53 205.976 0.598825 
133.938 168.786 251.715 311.442 0.253865 
-1 -1 -1 -1 -1 
-1 -1 -1 -1 -1 
-1 -1 -1 -1 -1 
-1 -1 -1 -1 -1 
-1 -1 -1 -1 -1 
-1 -1 -1 -1 -1 
-1 -1 -1 -1 -1 
129.141 58.4061 258.75 232.879 0.701252 
146.28 60.7139 246.57 230.01 0.616543 
177.229 213.921 220.688 270.418 0.524 
105.644 219.415 230.893 278.598 0.362576 
96.7795 170.163 255.005 261.372 0.221679 
27.8635 77.5469 127.015 304.48 0.210598 
-1 -1 -1 -1 -1 
-1 -1 -1 -1 -1 
-1 -1 -1 -1 -1 
-1 -1 -1 -1 -1 
98.4483 30.7778 254.941 332.209 0.836216 
98.6283 36.3892 257.754 244.529 0.697799 
-1 -1 -1 -1 -1 
-1 -1 -1 -1 -1 
-1 -1 -1 -1 -1 
-1 -1 -1 -1 -1 
-1 -1 -1 -1 -1 
-1 -1 -1 -1 -1 
-1 -1 -1 -1 -1 
-1 -1 -1 -1 -1 
44.1266 75.3862 175.833 342.734 0.996218 
207.423 49.6528 316.787 210.182 0.933833 
218.232 76.8873 323.8 211.18 0.214044 
79.5857 74.9821 290.007 244.087 0.12574 
-1 -1 -1 -1 -1 
-1 -1 -1 -1 -1 
-1 -1 -1 -1 -1 
-1 -1 -1 -1 -1 
-1 -1 -1 -1 -1 
-1 -1 -1 -1 -1 
115.987 57.9038 229.568 206.994 0.945593 
123.231 59.1043 222.747 181.522 0.587577 
133.821 209.122 223.282 336.141 0.223575 
57.9063 36.974 153.787 340.932 0.118481 
-1 -1 -1 -1 -1 
-1 -1 -1 -1 -1 
-1 -1 -1 -1 -1 
-1 -1 -1 -1 -1 
-1 -1 -1 -1 -1 
-1 -1 -1 -1 -1 
76.9339 83.5639 263.516 320.086 0.978301 
58.0599 39.386 225.316 317.882 0.31213 
68.3934 167.061 260.019 319.128 0.148103 
230.106 82.3846 349.0 349.0 0.144325 
-1 -1 -1 -1 -1 
-1 -1 -1 -1 -1 
-1 -1 -1 -1 -1 
-1 -1 -1 -1 -1 
-1 -1 -1 -1 -1 
-1 -1 -1 -1 -1 
89.3723 97.0813 288.855 348.336 0.938879 
45.6399 141.031 287.76 337.242 0.697653 
55.2063 205.087 130.58 305.867 0.101296 
-1 -1 -1 -1 -1 
-1 -1 -1 -1 -1 
-1 -1 -1 -1 -1 
-1 -1 -1 -1 -1 
-1 -1 -1 -1 -1 
-1 -1 -1 -1 -1 
-1 -1 -1 -1 -1 
74.5339 68.1783 336.302 349.0 0.986215 
5.85405 141.642 337.074 341.524 0.56762 
95.4584 47.7382 244.0 349.0 0.509175 
-1 -1 -1 -1 -1 
-1 -1 -1 -1 -1 
-1 -1 -1 -1 -1 
-1 -1 -1 -1 -1 
-1 -1 -1 -1 -1 
-1 -1 -1 -1 -1 
-1 -1 -1 -1 -1 
152.709 62.8939 248.422 285.566 0.996725 
-1 -1 -1 -1 -1 
-1 -1 -1 -1 -1 
-1 -1 -1 -1 -1 
-1 -1 -1 -1 -1 
-1 -1 -1 -1 -1 
-1 -1 -1 -1 -1 
-1 -1 -1 -1 -1 
-1 -1 -1 -1 -1 
-1 -1 -1 -1 -1 
124.191 72.9075 226.363 258.161 0.983768 
119.777 95.961 234.38 341.731 0.840326 
124.478 214.587 232.898 340.643 0.190411 
-1 -1 -1 -1 -1 
-1 -1 -1 -1 -1 
-1 -1 -1 -1 -1 
-1 -1 -1 -1 -1 
-1 -1 -1 -1 -1 
-1 -1 -1 -1 -1 
-1 -1 -1 -1 -1 
119.226 92.1505 282.155 313.761 0.920311 
112.499 94.3478 277.978 323.148 0.716386 
198.971 71.6689 297.573 294.88 0.158312 
-1 -1 -1 -1 -1 
-1 -1 -1 -1 -1 
-1 -1 -1 -1 -1 
-1 -1 -1 -1 -1 
-1 -1 -1 -1 -1 
-1 -1 -1 -1 -1 
-1 -1 -1 -1 -1 
134.03 78.0989 248.028 303.687 0.993523 
129.802 74.3653 259.496 246.079 0.149646 
142.438 106.958 226.955 298.693 0.116354 
-1 -1 -1 -1 -1 
-1 -1 -1 -1 -1 
-1 -1 -1 -1 -1 
-1 -1 -1 -1 -1 
-1 -1 -1 -1 -1 
-1 -1 -1 -1 -1 
-1 -1 -1 -1 -1 
53.2632 54.8051 276.47 309.732 0.983844 
51.4734 65.5201 310.159 319.022 0.776279 
121.334 30.2334 227.181 318.513 0.728667 
-1 -1 -1 -1 -1 
-1 -1 -1 -1 -1 
-1 -1 -1 -1 -1 
-1 -1 -1 -1 -1 
-1 -1 -1 -1 -1 
-1 -1 -1 -1 -1 
-1 -1 -1 -1 -1 
92.4141 104.172 275.7 347.649 0.958588 
102.901 100.985 253.598 272.343 0.728648 
125.539 243.041 273.399 332.415 0.184611 
-1 -1 -1 -1 -1 
-1 -1 -1 -1 -1 
-1 -1 -1 -1 -1 
-1 -1 -1 -1 -1 
-1 -1 -1 -1 -1 
-1 -1 -1 -1 -1 
-1 -1 -1 -1 -1 
119.081 83.6167 235.392 307.32 0.986601 
122.233 159.647 276.39 307.432 0.163809 
119.206 77.0509 238.502 242.245 0.128357 
201.49 146.745 337.59 328.256 0.120881 
-1 -1 -1 -1 -1 
-1 -1 -1 -1 -1 
-1 -1 -1 -1 -1 
-1 -1 -1 -1 -1 
-1 -1 -1 -1 -1 
-1 -1 -1 -1 -1 
45.0349 80.4593 319.135 331.953 0.980443 
8.38438 121.724 133.234 346.487 0.289337 
68.5686 149.284 329.179 312.809 0.172243 
-1 -1 -1 -1 -1 
-1 -1 -1 -1 -1 
-1 -1 -1 -1 -1 
-1 -1 -1 -1 -1 
-1 -1 -1 -1 -1 
-1 -1 -1 -1 -1 
-1 -1 -1 -1 -1 
62.5569 77.71 243.996 331.683 0.992963 
52.8973 156.792 281.392 331.529 0.716292 
118.111 81.4317 225.158 208.09 0.335184 
-1 -1 -1 -1 -1 
-1 -1 -1 -1 -1 
-1 -1 -1 -1 -1 
-1 -1 -1 -1 -1 
-1 -1 -1 -1 -1 
-1 -1 -1 -1 -1 
-1 -1 -1 -1 -1 
114.454 84.2658 222.131 319.456 0.976475 
115.076 168.664 216.183 321.98 0.690105 
110.516 102.887 207.837 326.118 0.383493 
-1 -1 -1 -1 -1 
-1 -1 -1 -1 -1 
-1 -1 -1 -1 -1 
-1 -1 -1 -1 -1 
-1 -1 -1 -1 -1 
-1 -1 -1 -1 -1 
-1 -1 -1 -1 -1 
138.703 76.6943 249.152 327.999 0.95475 
133.966 80.3479 246.151 199.012 0.61377 
136.242 173.826 248.272 340.193 0.200289 
-1 -1 -1 -1 -1 
-1 -1 -1 -1 -1 
-1 -1 -1 -1 -1 
-1 -1 -1 -1 -1 
-1 -1 -1 -1 -1 
-1 -1 -1 -1 -1 
-1 -1 -1 -1 -1 
93.2639 81.1254 253.655 341.435 0.978338 
110.333 87.2062 232.883 257.499 0.795557 
106.286 197.485 249.52 349.0 0.253116 
-1 -1 -1 -1 -1 
-1 -1 -1 -1 -1 
-1 -1 -1 -1 -1 
-1 -1 -1 -1 -1 
-1 -1 -1 -1 -1 
-1 -1 -1 -1 -1 
-1 -1 -1 -1 -1 
103.718 78.1594 249.527 296.415 0.979824 
88.2122 151.729 242.247 300.263 0.239252 
-1 -1 -1 -1 -1 
-1 -1 -1 -1 -1 
-1 -1 -1 -1 -1 
-1 -1 -1 -1 -1 
-1 -1 -1 -1 -1 
-1 -1 -1 -1 -1 
-1 -1 -1 -1 -1 
-1 -1 -1 -1 -1 
110.014 94.8009 239.969 309.216 0.957273 
106.034 82.7799 230.787 291.819 0.596636 
125.348 186.193 247.554 310.484 0.165123 
-1 -1 -1 -1 -1 
-1 -1 -1 -1 -1 
-1 -1 -1 -1 -1 
-1 -1 -1 -1 -1 
-1 -1 -1 -1 -1 
-1 -1 -1 -1 -1 
-1 -1 -1 -1 -1 
90.1868 88.1251 268.944 338.454 0.873433 
82.2542 92.5684 245.54 231.428 0.864376 
88.0351 197.079 287.555 346.483 0.690004 
-1 -1 -1 -1 -1 
-1 -1 -1 -1 -1 
-1 -1 -1 -1 -1 
-1 -1 -1 -1 -1 
-1 -1 -1 -1 -1 
-1 -1 -1 -1 -1 
-1 -1 -1 -1 -1 
59.4426 73.8105 235.659 315.14 0.991556 
67.302 143.577 223.01 309.511 0.456223 
64.395 117.604 230.054 308.924 0.13805 
-1 -1 -1 -1 -1 
-1 -1 -1 -1 -1 
-1 -1 -1 -1 -1 
-1 -1 -1 -1 -1 
-1 -1 -1 -1 -1 
-1 -1 -1 -1 -1 
-1 -1 -1 -1 -1 
118.114 103.811 257.734 340.502 0.983799 
107.581 192.633 268.348 344.353 0.774126 
127.007 88.883 257.056 231.581 0.558228 
-1 -1 -1 -1 -1 
-1 -1 -1 -1 -1 
-1 -1 -1 -1 -1 
-1 -1 -1 -1 -1 
-1 -1 -1 -1 -1 
-1 -1 -1 -1 -1 
-1 -1 -1 -1 -1 
119.802 41.961 243.913 305.697 0.975121 
113.763 60.6441 237.272 310.418 0.295813 
-1 -1 -1 -1 -1 
-1 -1 -1 -1 -1 
-1 -1 -1 -1 -1 
-1 -1 -1 -1 -1 
-1 -1 -1 -1 -1 
-1 -1 -1 -1 -1 
-1 -1 -1 -1 -1 
-1 -1 -1 -1 -1 
126.64 116.263 280.63 285.231 0.858794 
124.126 130.209 266.312 323.85 0.807931 
109.366 231.616 252.286 298.993 0.197177 
-1 -1 -1 -1 -1 
-1 -1 -1 -1 -1 
-1 -1 -1 -1 -1 
-1 -1 -1 -1 -1 
-1 -1 -1 -1 -1 
-1 -1 -1 -1 -1 
-1 -1 -1 -1 -1 
118.09 93.937 231.114 260.301 0.967926 
108.018 93.6342 230.123 322.712 0.915903 
107.337 265.388 225.56 328.959 0.388422 
110.033 220.532 218.754 295.861 0.295734 
108.249 210.765 214.38 286.562 0.118473 
-1 -1 -1 -1 -1 
-1 -1 -1 -1 -1 
-1 -1 -1 -1 -1 
-1 -1 -1 -1 -1 
-1 -1 -1 -1 -1 
120.999 94.1741 241.837 299.228 0.991139 
142.16 93.9385 233.213 238.279 0.331347 
127.955 181.943 234.761 302.292 0.147757 
-1 -1 -1 -1 -1 
-1 -1 -1 -1 -1 
-1 -1 -1 -1 -1 
-1 -1 -1 -1 -1 
-1 -1 -1 -1 -1 
-1 -1 -1 -1 -1 
-1 -1 -1 -1 -1 
76.7082 27.2501 262.996 326.338 0.886933 
85.8097 24.8838 257.16 321.741 0.505038 
87.9757 165.844 261.838 315.023 0.197637 
-1 -1 -1 -1 -1 
-1 -1 -1 -1 -1 
-1 -1 -1 -1 -1 
-1 -1 -1 -1 -1 
-1 -1 -1 -1 -1 
-1 -1 -1 -1 -1 
-1 -1 -1 -1 -1 
93.4732 96.5226 217.438 320.31 0.98382 
99.2461 96.3489 229.757 272.736 0.275753 
-1 -1 -1 -1 -1 
-1 -1 -1 -1 -1 
-1 -1 -1 -1 -1 
-1 -1 -1 -1 -1 
-1 -1 -1 -1 -1 
-1 -1 -1 -1 -1 
-1 -1 -1 -1 -1 
-1 -1 -1 -1 -1 
120.732 98.2286 252.081 308.166 0.96769 
127.592 184.525 241.601 296.373 0.829104 
119.332 92.9643 249.552 201.45 0.661155 
18.186 38.2521 152.779 328.73 0.124844 
-1 -1 -1 -1 -1 
-1 -1 -1 -1 -1 
-1 -1 -1 -1 -1 
-1 -1 -1 -1 -1 
-1 -1 -1 -1 -1 
-1 -1 -1 -1 -1 
34.2354 78.7671 330.266 332.664 0.97963 
38.3167 136.946 349.0 326.097 0.506051 
66.8484 89.1468 252.169 349.0 0.484384 
-1 -1 -1 -1 -1 
-1 -1 -1 -1 -1 
-1 -1 -1 -1 -1 
-1 -1 -1 -1 -1 
-1 -1 -1 -1 -1 
-1 -1 -1 -1 -1 
-1 -1 -1 -1 -1 
129.918 74.212 263.151 327.287 0.992874 
115.658 197.482 270.813 325.652 0.649984 
133.379 87.1078 247.221 212.607 0.416286 
-1 -1 -1 -1 -1 
-1 -1 -1 -1 -1 
-1 -1 -1 -1 -1 
-1 -1 -1 -1 -1 
-1 -1 -1 -1 -1 
-1 -1 -1 -1 -1 
-1 -1 -1 -1 -1 
90.1517 90.9345 266.441 348.081 0.978434 
103.417 88.0558 282.847 346.762 0.658302 
142.251 213.377 242.314 306.627 0.127167 
-1 -1 -1 -1 -1 
-1 -1 -1 -1 -1 
-1 -1 -1 -1 -1 
-1 -1 -1 -1 -1 
-1 -1 -1 -1 -1 
-1 -1 -1 -1 -1 
-1 -1 -1 -1 -1 
138.704 49.9144 246.632 349.0 0.987109 
117.975 66.4542 244.624 161.183 0.416497 
139.579 143.616 218.671 290.954 0.140779 
-1 -1 -1 -1 -1 
-1 -1 -1 -1 -1 
-1 -1 -1 -1 -1 
-1 -1 -1 -1 -1 
-1 -1 -1 -1 -1 
-1 -1 -1 -1 -1 
-1 -1 -1 -1 -1 
104.105 77.8107 243.711 339.501 0.9944 
107.049 182.121 260.638 326.693 0.484696 
119.887 79.0933 220.034 237.06 0.13207 
-1 -1 -1 -1 -1 
-1 -1 -1 -1 -1 
-1 -1 -1 -1 -1 
-1 -1 -1 -1 -1 
-1 -1 -1 -1 -1 
-1 -1 -1 -1 -1 
-1 -1 -1 -1 -1 
108.617 88.3633 268.432 344.534 0.997429 
133.901 81.9094 221.61 277.911 0.124359 
-1 -1 -1 -1 -1 
-1 -1 -1 -1 -1 
-1 -1 -1 -1 -1 
-1 -1 -1 -1 -1 
-1 -1 -1 -1 -1 
-1 -1 -1 -1 -1 
-1 -1 -1 -1 -1 
-1 -1 -1 -1 -1 
109.157 94.6625 239.922 337.283 0.993341 
114.699 90.6206 233.745 259.851 0.12792 
116.235 187.851 230.142 324.527 0.102747 
-1 -1 -1 -1 -1 
-1 -1 -1 -1 -1 
-1 -1 -1 -1 -1 
-1 -1 -1 -1 -1 
-1 -1 -1 -1 -1 
-1 -1 -1 -1 -1 
-1 -1 -1 -1 -1 
137.963 92.7467 278.619 329.27 0.921641 
163.57 92.2744 257.86 234.166 0.658612 
132.998 182.848 268.244 337.448 0.539368 
99.7942 121.661 276.807 342.218 0.260093 
-1 -1 -1 -1 -1 
-1 -1 -1 -1 -1 
-1 -1 -1 -1 -1 
-1 -1 -1 -1 -1 
-1 -1 -1 -1 -1 
-1 -1 -1 -1 -1 
119.811 81.1896 244.695 325.002 0.992828 
90.1126 89.5752 244.149 302.943 0.412582 
-1 -1 -1 -1 -1 
-1 -1 -1 -1 -1 
-1 -1 -1 -1 -1 
-1 -1 -1 -1 -1 
-1 -1 -1 -1 -1 
-1 -1 -1 -1 -1 
-1 -1 -1 -1 -1 
-1 -1 -1 -1 -1 
131.404 88.7089 276.806 320.214 0.987762 
149.133 173.388 269.143 301.744 0.826505 
137.288 89.8739 229.327 298.114 0.167575 
-1 -1 -1 -1 -1 
-1 -1 -1 -1 -1 
-1 -1 -1 -1 -1 
-1 -1 -1 -1 -1 
-1 -1 -1 -1 -1 
-1 -1 -1 -1 -1 
-1 -1 -1 -1 -1 
47.2846 62.786 232.706 310.345 0.995161 
49.6529 137.647 231.276 312.001 0.640428 
-1 -1 -1 -1 -1 
-1 -1 -1 -1 -1 
-1 -1 -1 -1 -1 
-1 -1 -1 -1 -1 
-1 -1 -1 -1 -1 
-1 -1 -1 -1 -1 
-1 -1 -1 -1 -1 
-1 -1 -1 -1 -1 
125.994 74.7736 249.772 319.407 0.967189 
114.114 90.6631 262.908 265.48 0.445356 
-1 -1 -1 -1 -1 
-1 -1 -1 -1 -1 
-1 -1 -1 -1 -1 
-1 -1 -1 -1 -1 
-1 -1 -1 -1 -1 
-1 -1 -1 -1 -1 
-1 -1 -1 -1 -1 
-1 -1 -1 -1 -1 
115.645 50.9538 221.56 203.878 0.992409 
130.961 196.26 220.879 335.129 0.111435 
-1 -1 -1 -1 -1 
-1 -1 -1 -1 -1 
-1 -1 -1 -1 -1 
-1 -1 -1 -1 -1 
-1 -1 -1 -1 -1 
-1 -1 -1 -1 -1 
-1 -1 -1 -1 -1 
-1 -1 -1 -1 -1 
104.021 31.8693 264.385 349.0 0.988172 
104.181 134.641 269.6 345.646 0.836946 
117.165 30.7777 238.331 204.654 0.579385 
102.879 150.143 277.855 340.549 0.135605 
-1 -1 -1 -1 -1 
-1 -1 -1 -1 -1 
-1 -1 -1 -1 -1 
-1 -1 -1 -1 -1 
-1 -1 -1 -1 -1 
-1 -1 -1 -1 -1 
101.426 86.8259 234.045 345.867 0.990055 
107.201 81.3486 235.684 266.536 0.473962 
-1 -1 -1 -1 -1 
-1 -1 -1 -1 -1 
-1 -1 -1 -1 -1 
-1 -1 -1 -1 -1 
-1 -1 -1 -1 -1 
-1 -1 -1 -1 -1 
-1 -1 -1 -1 -1 
-1 -1 -1 -1 -1 
125.633 53.2295 220.465 218.696 0.981761 
136.973 59.6605 219.253 257.426 0.107649 
-1 -1 -1 -1 -1 
-1 -1 -1 -1 -1 
-1 -1 -1 -1 -1 
-1 -1 -1 -1 -1 
-1 -1 -1 -1 -1 
-1 -1 -1 -1 -1 
-1 -1 -1 -1 -1 
-1 -1 -1 -1 -1 
86.1542 81.1531 248.065 337.303 0.994292 
102.033 83.6246 247.216 302.338 0.174444 
-1 -1 -1 -1 -1 
-1 -1 -1 -1 -1 
-1 -1 -1 -1 -1 
-1 -1 -1 -1 -1 
-1 -1 -1 -1 -1 
-1 -1 -1 -1 -1 
-1 -1 -1 -1 -1 
-1 -1 -1 -1 -1 
122.749 62.8043 232.519 340.048 0.990816 
-1 -1 -1 -1 -1 
-1 -1 -1 -1 -1 
-1 -1 -1 -1 -1 
-1 -1 -1 -1 -1 
-1 -1 -1 -1 -1 
-1 -1 -1 -1 -1 
-1 -1 -1 -1 -1 
-1 -1 -1 -1 -1 
-1 -1 -1 -1 -1 
52.1492 90.3074 279.446 344.095 0.961685 
62.6583 161.513 291.551 347.828 0.325631 
57.2808 115.994 261.887 329.998 0.189169 
202.527 84.3151 277.029 199.483 0.189002 
78.4384 116.746 291.205 205.405 0.134635 
-1 -1 -1 -1 -1 
-1 -1 -1 -1 -1 
-1 -1 -1 -1 -1 
-1 -1 -1 -1 -1 
-1 -1 -1 -1 -1 
108.366 89.8334 243.236 309.819 0.926879 
95.037 102.61 238.82 310.095 0.379192 
118.414 223.547 237.38 307.907 0.133819 
-1 -1 -1 -1 -1 
-1 -1 -1 -1 -1 
-1 -1 -1 -1 -1 
-1 -1 -1 -1 -1 
-1 -1 -1 -1 -1 
-1 -1 -1 -1 -1 
-1 -1 -1 -1 -1 
118.222 65.1788 276.516 348.072 0.937495 
112.408 85.6897 250.534 195.283 0.884178 
119.503 176.623 274.474 349.0 0.551822 
57.4561 78.3873 199.921 259.528 0.142699 
-1 -1 -1 -1 -1 
-1 -1 -1 -1 -1 
-1 -1 -1 -1 -1 
-1 -1 -1 -1 -1 
-1 -1 -1 -1 -1 
-1 -1 -1 -1 -1 
154.218 62.4034 287.387 208.322 0.97316 
66.1038 75.2735 157.897 316.429 0.89771 
73.3523 165.301 154.469 264.455 0.53895 
64.7382 145.253 156.759 321.677 0.469057 
201.829 193.102 281.104 330.257 0.432306 
188.785 34.1435 276.006 224.904 0.262188 
126.479 83.7713 302.752 216.614 0.13387 
63.7849 35.1772 169.488 296.413 0.129 
-1 -1 -1 -1 -1 
-1 -1 -1 -1 -1 
141.192 86.7331 278.156 345.153 0.995268 
-1 -1 -1 -1 -1 
-1 -1 -1 -1 -1 
-1 -1 -1 -1 -1 
-1 -1 -1 -1 -1 
-1 -1 -1 -1 -1 
-1 -1 -1 -1 -1 
-1 -1 -1 -1 -1 
-1 -1 -1 -1 -1 
-1 -1 -1 -1 -1 
118.876 52.6027 212.84 191.108 0.884088 
121.242 79.6664 207.319 186.665 0.453625 
-1 -1 -1 -1 -1 
-1 -1 -1 -1 -1 
-1 -1 -1 -1 -1 
-1 -1 -1 -1 -1 
-1 -1 -1 -1 -1 
-1 -1 -1 -1 -1 
-1 -1 -1 -1 -1 
-1 -1 -1 -1 -1 
106.678 107.817 230.212 338.467 0.992336 
107.507 71.7642 238.963 268.186 0.40735 
-1 -1 -1 -1 -1 
-1 -1 -1 -1 -1 
-1 -1 -1 -1 -1 
-1 -1 -1 -1 -1 
-1 -1 -1 -1 -1 
-1 -1 -1 -1 -1 
-1 -1 -1 -1 -1 
-1 -1 -1 -1 -1 
86.5884 107.662 276.84 338.149 0.985468 
120.185 109.248 240.223 194.082 0.580979 
92.0506 242.071 262.999 333.015 0.412321 
122.787 178.279 239.744 295.204 0.158764 
86.7089 93.5384 266.064 300.598 0.118172 
-1 -1 -1 -1 -1 
-1 -1 -1 -1 -1 
-1 -1 -1 -1 -1 
-1 -1 -1 -1 -1 
-1 -1 -1 -1 -1 
88.9656 69.1868 273.891 245.641 0.930468 
102.658 201.285 264.788 343.355 0.897632 
83.5746 74.8496 280.194 332.279 0.183486 
-1 -1 -1 -1 -1 
-1 -1 -1 -1 -1 
-1 -1 -1 -1 -1 
-1 -1 -1 -1 -1 
-1 -1 -1 -1 -1 
-1 -1 -1 -1 -1 
-1 -1 -1 -1 -1 
108.712 110.229 239.973 317.049 0.900904 
121.542 99.4572 251.399 239.645 0.760321 
114.731 215.967 226.117 305.037 0.718186 
-1 -1 -1 -1 -1 
-1 -1 -1 -1 -1 
-1 -1 -1 -1 -1 
-1 -1 -1 -1 -1 
-1 -1 -1 -1 -1 
-1 -1 -1 -1 -1 
-1 -1 -1 -1 -1 
92.3412 81.3077 232.861 312.413 0.944066 
116.34 82.0941 215.138 273.48 0.373893 
69.2649 180.89 217.237 288.832 0.279365 
101.601 257.659 211.177 347.48 0.147621 
-1 -1 -1 -1 -1 
-1 -1 -1 -1 -1 
-1 -1 -1 -1 -1 
-1 -1 -1 -1 -1 
-1 -1 -1 -1 -1 
-1 -1 -1 -1 -1 
87.2665 90.6663 259.928 330.574 0.913308 
88.8427 92.7616 254.852 322.991 0.386045 
-1 -1 -1 -1 -1 
-1 -1 -1 -1 -1 
-1 -1 -1 -1 -1 
-1 -1 -1 -1 -1 
-1 -1 -1 -1 -1 
-1 -1 -1 -1 -1 
-1 -1 -1 -1 -1 
-1 -1 -1 -1 -1 
101.121 102.531 259.187 341.734 0.873722 
93.1387 111.203 254.589 325.138 0.631414 
-1 -1 -1 -1 -1 
-1 -1 -1 -1 -1 
-1 -1 -1 -1 -1 
-1 -1 -1 -1 -1 
-1 -1 -1 -1 -1 
-1 -1 -1 -1 -1 
-1 -1 -1 -1 -1 
-1 -1 -1 -1 -1 
96.8695 74.0636 248.865 342.006 0.989504 
127.119 81.59 236.951 245.633 0.288409 
90.2586 200.499 238.495 346.059 0.243604 
-1 -1 -1 -1 -1 
-1 -1 -1 -1 -1 
-1 -1 -1 -1 -1 
-1 -1 -1 -1 -1 
-1 -1 -1 -1 -1 
-1 -1 -1 -1 -1 
-1 -1 -1 -1 -1 
97.7966 3.69471 270.461 332.396 0.897056 
97.4951 0.0 262.258 328.331 0.629529 
89.6418 166.454 267.758 304.341 0.109558 
-1 -1 -1 -1 -1 
-1 -1 -1 -1 -1 
-1 -1 -1 -1 -1 
-1 -1 -1 -1 -1 
-1 -1 -1 -1 -1 
-1 -1 -1 -1 -1 
-1 -1 -1 -1 -1 
99.9131 73.0035 225.296 313.152 0.901009 
105.163 186.101 213.925 293.497 0.62 
106.844 76.9975 220.097 242.468 0.453132 
-1 -1 -1 -1 -1 
-1 -1 -1 -1 -1 
-1 -1 -1 -1 -1 
-1 -1 -1 -1 -1 
-1 -1 -1 -1 -1 
-1 -1 -1 -1 -1 
-1 -1 -1 -1 -1 
152.566 68.7995 285.55 332.364 0.933927 
15.8475 32.2468 182.775 336.635 0.398162 
158.227 83.7521 291.772 343.158 0.262482 
11.1441 40.5812 183.606 349.0 0.16252 
-1 -1 -1 -1 -1 
-1 -1 -1 -1 -1 
-1 -1 -1 -1 -1 
-1 -1 -1 -1 -1 
-1 -1 -1 -1 -1 
-1 -1 -1 -1 -1 
