1930
5
112.652 6.12608 224.35 106.606 0.995055 
129.136 94.1611 223.373 300.701 0.263359 
-1 -1 -1 -1 -1 
-1 -1 -1 -1 -1 
-1 -1 -1 -1 -1 
-1 -1 -1 -1 -1 
-1 -1 -1 -1 -1 
-1 -1 -1 -1 -1 
-1 -1 -1 -1 -1 
-1 -1 -1 -1 -1 
65.3515 19.4566 234.816 199.727 0.971196 
58.0868 147.797 251.695 339.314 0.858833 
-1 -1 -1 -1 -1 
-1 -1 -1 -1 -1 
-1 -1 -1 -1 -1 
-1 -1 -1 -1 -1 
-1 -1 -1 -1 -1 
-1 -1 -1 -1 -1 
-1 -1 -1 -1 -1 
-1 -1 -1 -1 -1 
109.707 24.2659 238.313 155.733 0.987256 
-1 -1 -1 -1 -1 
-1 -1 -1 -1 -1 
-1 -1 -1 -1 -1 
-1 -1 -1 -1 -1 
-1 -1 -1 -1 -1 
-1 -1 -1 -1 -1 
-1 -1 -1 -1 -1 
-1 -1 -1 -1 -1 
-1 -1 -1 -1 -1 
83.2703 53.2747 247.142 304.8 0.987555 
78.788 32.8749 243.992 323.704 0.306844 
103.189 0.0 233.205 56.2007 0.105193 
-1 -1 -1 -1 -1 
-1 -1 -1 -1 -1 
-1 -1 -1 -1 -1 
-1 -1 -1 -1 -1 
-1 -1 -1 -1 -1 
-1 -1 -1 -1 -1 
-1 -1 -1 -1 -1 
39.4636 52.1481 332.996 277.164 0.980758 
137.043 35.0833 287.517 276.478 0.549717 
158.619 27.4348 248.522 223.978 0.335343 
-1 -1 -1 -1 -1 
-1 -1 -1 -1 -1 
-1 -1 -1 -1 -1 
-1 -1 -1 -1 -1 
-1 -1 -1 -1 -1 
-1 -1 -1 -1 -1 
-1 -1 -1 -1 -1 
85.6195 23.9905 223.316 146.914 0.98921 
121.176 116.15 207.642 320.299 0.915165 
87.6351 23.9296 231.479 141.766 0.237473 
-1 -1 -1 -1 -1 
-1 -1 -1 -1 -1 
-1 -1 -1 -1 -1 
-1 -1 -1 -1 -1 
-1 -1 -1 -1 -1 
-1 -1 -1 -1 -1 
-1 -1 -1 -1 -1 
121.369 39.8194 295.526 282.161 0.935748 
133.635 21.6937 302.092 270.492 0.22868 
-1 -1 -1 -1 -1 
-1 -1 -1 -1 -1 
-1 -1 -1 -1 -1 
-1 -1 -1 -1 -1 
-1 -1 -1 -1 -1 
-1 -1 -1 -1 -1 
-1 -1 -1 -1 -1 
-1 -1 -1 -1 -1 
115.552 73.9228 207.68 180.656 0.711543 
15.0399 175.213 349.0 332.851 0.349387 
56.1865 187.008 261.246 332.11 0.274285 
-1 -1 -1 -1 -1 
-1 -1 -1 -1 -1 
-1 -1 -1 -1 -1 
-1 -1 -1 -1 -1 
-1 -1 -1 -1 -1 
-1 -1 -1 -1 -1 
-1 -1 -1 -1 -1 
60.5185 20.7583 282.839 330.699 0.956099 
60.2612 77.2183 283.846 326.986 0.10608 
-1 -1 -1 -1 -1 
-1 -1 -1 -1 -1 
-1 -1 -1 -1 -1 
-1 -1 -1 -1 -1 
-1 -1 -1 -1 -1 
-1 -1 -1 -1 -1 
-1 -1 -1 -1 -1 
-1 -1 -1 -1 -1 
0.675056 84.6011 335.754 293.848 0.984292 
-1 -1 -1 -1 -1 
-1 -1 -1 -1 -1 
-1 -1 -1 -1 -1 
-1 -1 -1 -1 -1 
-1 -1 -1 -1 -1 
-1 -1 -1 -1 -1 
-1 -1 -1 -1 -1 
-1 -1 -1 -1 -1 
-1 -1 -1 -1 -1 
119.649 10.7182 234.939 127.411 0.992594 
146.679 148.802 212.196 252.135 0.237951 
-1 -1 -1 -1 -1 
-1 -1 -1 -1 -1 
-1 -1 -1 -1 -1 
-1 -1 -1 -1 -1 
-1 -1 -1 -1 -1 
-1 -1 -1 -1 -1 
-1 -1 -1 -1 -1 
-1 -1 -1 -1 -1 
126.017 37.237 249.032 143.224 0.971143 
150.217 145.673 207.266 314.661 0.854854 
-1 -1 -1 -1 -1 
-1 -1 -1 -1 -1 
-1 -1 -1 -1 -1 
-1 -1 -1 -1 -1 
-1 -1 -1 -1 -1 
-1 -1 -1 -1 -1 
-1 -1 -1 -1 -1 
-1 -1 -1 -1 -1 
112.733 69.8666 267.597 198.374 0.924672 
122.717 183.299 273.942 348.26 0.906594 
-1 -1 -1 -1 -1 
-1 -1 -1 -1 -1 
-1 -1 -1 -1 -1 
-1 -1 -1 -1 -1 
-1 -1 -1 -1 -1 
-1 -1 -1 -1 -1 
-1 -1 -1 -1 -1 
-1 -1 -1 -1 -1 
222.754 17.0004 332.996 180.27 0.995144 
21.9789 47.5412 188.993 153.786 0.973747 
28.6528 77.0019 184.063 349.0 0.958197 
2.95185 175.159 103.881 348.82 0.39819 
221.778 173.099 305.129 269.433 0.324724 
211.266 261.962 322.262 349.0 0.230052 
217.456 3.62581 346.073 174.103 0.225775 
-1 -1 -1 -1 -1 
-1 -1 -1 -1 -1 
-1 -1 -1 -1 -1 
24.8511 44.1855 339.503 296.409 0.998713 
39.2961 59.2036 240.051 296.439 0.717334 
-1 -1 -1 -1 -1 
-1 -1 -1 -1 -1 
-1 -1 -1 -1 -1 
-1 -1 -1 -1 -1 
-1 -1 -1 -1 -1 
-1 -1 -1 -1 -1 
-1 -1 -1 -1 -1 
-1 -1 -1 -1 -1 
90.9915 44.1823 222.388 191.197 0.966761 
123.952 190.231 246.658 347.923 0.46295 
-1 -1 -1 -1 -1 
-1 -1 -1 -1 -1 
-1 -1 -1 -1 -1 
-1 -1 -1 -1 -1 
-1 -1 -1 -1 -1 
-1 -1 -1 -1 -1 
-1 -1 -1 -1 -1 
-1 -1 -1 -1 -1 
148.511 61.3318 214.952 133.803 0.874287 
147.028 121.352 242.25 311.522 0.745421 
130.777 44.0392 256.921 332.978 0.359043 
-1 -1 -1 -1 -1 
-1 -1 -1 -1 -1 
-1 -1 -1 -1 -1 
-1 -1 -1 -1 -1 
-1 -1 -1 -1 -1 
-1 -1 -1 -1 -1 
-1 -1 -1 -1 -1 
126.735 32.8039 216.25 305.961 0.96879 
161.084 142.786 277.511 311.942 0.189741 
28.871 0.0 196.194 325.759 0.149835 
-1 -1 -1 -1 -1 
-1 -1 -1 -1 -1 
-1 -1 -1 -1 -1 
-1 -1 -1 -1 -1 
-1 -1 -1 -1 -1 
-1 -1 -1 -1 -1 
-1 -1 -1 -1 -1 
119.787 9.99973 205.853 161.98 0.993634 
-1 -1 -1 -1 -1 
-1 -1 -1 -1 -1 
-1 -1 -1 -1 -1 
-1 -1 -1 -1 -1 
-1 -1 -1 -1 -1 
-1 -1 -1 -1 -1 
-1 -1 -1 -1 -1 
-1 -1 -1 -1 -1 
-1 -1 -1 -1 -1 
116.556 29.7805 233.229 175.604 0.979381 
-1 -1 -1 -1 -1 
-1 -1 -1 -1 -1 
-1 -1 -1 -1 -1 
-1 -1 -1 -1 -1 
-1 -1 -1 -1 -1 
-1 -1 -1 -1 -1 
-1 -1 -1 -1 -1 
-1 -1 -1 -1 -1 
-1 -1 -1 -1 -1 
68.3772 18.7846 277.994 179.133 0.994104 
123.895 205.004 235.901 347.109 0.396397 
-1 -1 -1 -1 -1 
-1 -1 -1 -1 -1 
-1 -1 -1 -1 -1 
-1 -1 -1 -1 -1 
-1 -1 -1 -1 -1 
-1 -1 -1 -1 -1 
-1 -1 -1 -1 -1 
-1 -1 -1 -1 -1 
80.7034 141.91 317.491 335.715 0.79509 
114.892 55.1104 185.603 169.764 0.794194 
113.147 143.778 194.727 300.547 0.350972 
103.982 113.007 309.871 321.658 0.302626 
-1 -1 -1 -1 -1 
-1 -1 -1 -1 -1 
-1 -1 -1 -1 -1 
-1 -1 -1 -1 -1 
-1 -1 -1 -1 -1 
-1 -1 -1 -1 -1 
0.808583 31.4013 209.977 255.249 0.985978 
200.33 136.659 349.0 308.427 0.950333 
17.4905 19.3933 211.902 256.616 0.613597 
211.643 0.0 349.0 312.286 0.228485 
104.417 227.946 203.942 347.754 0.190656 
-1 -1 -1 -1 -1 
-1 -1 -1 -1 -1 
-1 -1 -1 -1 -1 
-1 -1 -1 -1 -1 
-1 -1 -1 -1 -1 
132.337 83.6859 254.098 209.169 0.974729 
105.337 192.941 270.9 332.81 0.664408 
39.6903 14.0939 163.68 323.663 0.188856 
-1 -1 -1 -1 -1 
-1 -1 -1 -1 -1 
-1 -1 -1 -1 -1 
-1 -1 -1 -1 -1 
-1 -1 -1 -1 -1 
-1 -1 -1 -1 -1 
-1 -1 -1 -1 -1 
7.34111 85.9612 349.0 302.139 0.981899 
27.8276 4.127 320.774 135.592 0.905984 
188.441 60.9166 336.273 308.102 0.400421 
13.0725 3.29052 98.9286 184.767 0.246775 
52.2179 0.0 280.946 114.161 0.134932 
-1 -1 -1 -1 -1 
-1 -1 -1 -1 -1 
-1 -1 -1 -1 -1 
-1 -1 -1 -1 -1 
-1 -1 -1 -1 -1 
129.861 35.3839 237.63 329.005 0.549407 
166.352 54.5901 230.936 130.688 0.226127 
121.875 64.3056 185.458 319.667 0.156624 
-1 -1 -1 -1 -1 
-1 -1 -1 -1 -1 
-1 -1 -1 -1 -1 
-1 -1 -1 -1 -1 
-1 -1 -1 -1 -1 
-1 -1 -1 -1 -1 
-1 -1 -1 -1 -1 
76.044 11.4589 289.354 120.857 0.985688 
138.253 119.485 236.435 305.719 0.360948 
134.679 9.6342 199.639 116.622 0.107734 
-1 -1 -1 -1 -1 
-1 -1 -1 -1 -1 
-1 -1 -1 -1 -1 
-1 -1 -1 -1 -1 
-1 -1 -1 -1 -1 
-1 -1 -1 -1 -1 
-1 -1 -1 -1 -1 
125.758 164.377 231.767 308.167 0.943052 
124.189 81.0841 241.188 187.739 0.783868 
52.781 93.3221 143.554 345.14 0.596467 
-1 -1 -1 -1 -1 
-1 -1 -1 -1 -1 
-1 -1 -1 -1 -1 
-1 -1 -1 -1 -1 
-1 -1 -1 -1 -1 
-1 -1 -1 -1 -1 
-1 -1 -1 -1 -1 
113.527 19.7132 240.44 169.002 0.989512 
-1 -1 -1 -1 -1 
-1 -1 -1 -1 -1 
-1 -1 -1 -1 -1 
-1 -1 -1 -1 -1 
-1 -1 -1 -1 -1 
-1 -1 -1 -1 -1 
-1 -1 -1 -1 -1 
-1 -1 -1 -1 -1 
-1 -1 -1 -1 -1 
109.304 117.726 218.54 244.275 0.867677 
77.8086 234.076 232.253 336.266 0.806935 
-1 -1 -1 -1 -1 
-1 -1 -1 -1 -1 
-1 -1 -1 -1 -1 
-1 -1 -1 -1 -1 
-1 -1 -1 -1 -1 
-1 -1 -1 -1 -1 
-1 -1 -1 -1 -1 
-1 -1 -1 -1 -1 
138.209 93.0557 236.984 249.598 0.828601 
144.793 177.694 224.572 276.187 0.744683 
-1 -1 -1 -1 -1 
-1 -1 -1 -1 -1 
-1 -1 -1 -1 -1 
-1 -1 -1 -1 -1 
-1 -1 -1 -1 -1 
-1 -1 -1 -1 -1 
-1 -1 -1 -1 -1 
-1 -1 -1 -1 -1 
96.7197 47.1598 253.687 248.834 0.993946 
46.2638 0.0 130.138 285.089 0.246854 
-1 -1 -1 -1 -1 
-1 -1 -1 -1 -1 
-1 -1 -1 -1 -1 
-1 -1 -1 -1 -1 
-1 -1 -1 -1 -1 
-1 -1 -1 -1 -1 
-1 -1 -1 -1 -1 
-1 -1 -1 -1 -1 
102.349 75.8183 253.6 276.533 0.815714 
69.8989 194.204 284.665 311.919 0.812832 
-1 -1 -1 -1 -1 
-1 -1 -1 -1 -1 
-1 -1 -1 -1 -1 
-1 -1 -1 -1 -1 
-1 -1 -1 -1 -1 
-1 -1 -1 -1 -1 
-1 -1 -1 -1 -1 
-1 -1 -1 -1 -1 
155.08 85.1553 283.314 251.505 0.989689 
170.015 239.868 281.832 335.964 0.758526 
-1 -1 -1 -1 -1 
-1 -1 -1 -1 -1 
-1 -1 -1 -1 -1 
-1 -1 -1 -1 -1 
-1 -1 -1 -1 -1 
-1 -1 -1 -1 -1 
-1 -1 -1 -1 -1 
-1 -1 -1 -1 -1 
41.0952 33.0727 277.038 298.395 0.966353 
-1 -1 -1 -1 -1 
-1 -1 -1 -1 -1 
-1 -1 -1 -1 -1 
-1 -1 -1 -1 -1 
-1 -1 -1 -1 -1 
-1 -1 -1 -1 -1 
-1 -1 -1 -1 -1 
-1 -1 -1 -1 -1 
-1 -1 -1 -1 -1 
61.2064 26.3903 216.013 169.839 0.996573 
72.506 94.9566 257.203 332.58 0.203667 
-1 -1 -1 -1 -1 
-1 -1 -1 -1 -1 
-1 -1 -1 -1 -1 
-1 -1 -1 -1 -1 
-1 -1 -1 -1 -1 
-1 -1 -1 -1 -1 
-1 -1 -1 -1 -1 
-1 -1 -1 -1 -1 
106.403 2.6939 253.306 135.433 0.988939 
139.265 129.257 221.263 328.995 0.650331 
-1 -1 -1 -1 -1 
-1 -1 -1 -1 -1 
-1 -1 -1 -1 -1 
-1 -1 -1 -1 -1 
-1 -1 -1 -1 -1 
-1 -1 -1 -1 -1 
-1 -1 -1 -1 -1 
-1 -1 -1 -1 -1 
88.4626 77.5204 261.464 284.609 0.991937 
59.5274 0.0 275.546 112.143 0.303827 
-1 -1 -1 -1 -1 
-1 -1 -1 -1 -1 
-1 -1 -1 -1 -1 
-1 -1 -1 -1 -1 
-1 -1 -1 -1 -1 
-1 -1 -1 -1 -1 
-1 -1 -1 -1 -1 
-1 -1 -1 -1 -1 
76.334 16.4959 272.133 234.71 0.98629 
83.4745 33.0367 279.246 236.9 0.163603 
-1 -1 -1 -1 -1 
-1 -1 -1 -1 -1 
-1 -1 -1 -1 -1 
-1 -1 -1 -1 -1 
-1 -1 -1 -1 -1 
-1 -1 -1 -1 -1 
-1 -1 -1 -1 -1 
-1 -1 -1 -1 -1 
111.185 7.18073 226.851 156.122 0.993577 
126.572 152.405 212.973 309.524 0.376425 
-1 -1 -1 -1 -1 
-1 -1 -1 -1 -1 
-1 -1 -1 -1 -1 
-1 -1 -1 -1 -1 
-1 -1 -1 -1 -1 
-1 -1 -1 -1 -1 
-1 -1 -1 -1 -1 
-1 -1 -1 -1 -1 
118.458 26.6353 219.063 163.182 0.993562 
-1 -1 -1 -1 -1 
-1 -1 -1 -1 -1 
-1 -1 -1 -1 -1 
-1 -1 -1 -1 -1 
-1 -1 -1 -1 -1 
-1 -1 -1 -1 -1 
-1 -1 -1 -1 -1 
-1 -1 -1 -1 -1 
-1 -1 -1 -1 -1 
137.674 19.1716 282.063 142.569 0.994435 
178.916 140.848 226.942 203.559 0.182202 
177.784 151.173 314.354 334.87 0.153368 
-1 -1 -1 -1 -1 
-1 -1 -1 -1 -1 
-1 -1 -1 -1 -1 
-1 -1 -1 -1 -1 
-1 -1 -1 -1 -1 
-1 -1 -1 -1 -1 
-1 -1 -1 -1 -1 
89.0533 4.95944 265.929 250.906 0.98616 
83.6431 17.6876 244.387 99.4004 0.322892 
-1 -1 -1 -1 -1 
-1 -1 -1 -1 -1 
-1 -1 -1 -1 -1 
-1 -1 -1 -1 -1 
-1 -1 -1 -1 -1 
-1 -1 -1 -1 -1 
-1 -1 -1 -1 -1 
-1 -1 -1 -1 -1 
14.7778 51.1237 325.791 304.021 0.995861 
0.0 123.148 334.952 290.523 0.150873 
-1 -1 -1 -1 -1 
-1 -1 -1 -1 -1 
-1 -1 -1 -1 -1 
-1 -1 -1 -1 -1 
-1 -1 -1 -1 -1 
-1 -1 -1 -1 -1 
-1 -1 -1 -1 -1 
-1 -1 -1 -1 -1 
148.3 61.5816 225.629 180.742 0.872771 
127.029 160.315 234.124 295.056 0.713187 
21.7894 131.963 82.4522 320.931 0.46647 
95.8065 283.923 233.353 343.195 0.23664 
98.5721 53.1205 235.574 317.815 0.149602 
-1 -1 -1 -1 -1 
-1 -1 -1 -1 -1 
-1 -1 -1 -1 -1 
-1 -1 -1 -1 -1 
-1 -1 -1 -1 -1 
133.042 191.407 230.232 287.884 0.965097 
131.443 81.9437 228.332 205.409 0.919478 
-1 -1 -1 -1 -1 
-1 -1 -1 -1 -1 
-1 -1 -1 -1 -1 
-1 -1 -1 -1 -1 
-1 -1 -1 -1 -1 
-1 -1 -1 -1 -1 
-1 -1 -1 -1 -1 
-1 -1 -1 -1 -1 
104.814 0.0 243.927 107.401 0.994918 
135.492 101.916 220.042 324.112 0.160033 
-1 -1 -1 -1 -1 
-1 -1 -1 -1 -1 
-1 -1 -1 -1 -1 
-1 -1 -1 -1 -1 
-1 -1 -1 -1 -1 
-1 -1 -1 -1 -1 
-1 -1 -1 -1 -1 
-1 -1 -1 -1 -1 
131.868 43.4652 220.435 156.953 0.936999 
144.193 159.293 210.868 325.131 0.132 
-1 -1 -1 -1 -1 
-1 -1 -1 -1 -1 
-1 -1 -1 -1 -1 
-1 -1 -1 -1 -1 
-1 -1 -1 -1 -1 
-1 -1 -1 -1 -1 
-1 -1 -1 -1 -1 
-1 -1 -1 -1 -1 
73.6955 22.6949 266.374 324.32 0.993997 
59.4052 30.6326 272.414 335.432 0.166877 
-1 -1 -1 -1 -1 
-1 -1 -1 -1 -1 
-1 -1 -1 -1 -1 
-1 -1 -1 -1 -1 
-1 -1 -1 -1 -1 
-1 -1 -1 -1 -1 
-1 -1 -1 -1 -1 
-1 -1 -1 -1 -1 
66.412 29.4195 288.525 236.999 0.99749 
70.6121 45.0606 289.697 222.834 0.143848 
-1 -1 -1 -1 -1 
-1 -1 -1 -1 -1 
-1 -1 -1 -1 -1 
-1 -1 -1 -1 -1 
-1 -1 -1 -1 -1 
-1 -1 -1 -1 -1 
-1 -1 -1 -1 -1 
-1 -1 -1 -1 -1 
144.046 1.46641 296.62 217.733 0.993251 
198.186 216.058 247.991 345.246 0.164019 
-1 -1 -1 -1 -1 
-1 -1 -1 -1 -1 
-1 -1 -1 -1 -1 
-1 -1 -1 -1 -1 
-1 -1 -1 -1 -1 
-1 -1 -1 -1 -1 
-1 -1 -1 -1 -1 
-1 -1 -1 -1 -1 
109.358 80.0102 243.813 255.42 0.991952 
126.679 238.33 238.799 349.0 0.883684 
-1 -1 -1 -1 -1 
-1 -1 -1 -1 -1 
-1 -1 -1 -1 -1 
-1 -1 -1 -1 -1 
-1 -1 -1 -1 -1 
-1 -1 -1 -1 -1 
-1 -1 -1 -1 -1 
-1 -1 -1 -1 -1 
92.1499 13.724 232.485 125.134 0.985388 
130.871 121.568 207.185 319.452 0.773929 
-1 -1 -1 -1 -1 
-1 -1 -1 -1 -1 
-1 -1 -1 -1 -1 
-1 -1 -1 -1 -1 
-1 -1 -1 -1 -1 
-1 -1 -1 -1 -1 
-1 -1 -1 -1 -1 
-1 -1 -1 -1 -1 
122.329 21.9657 239.706 127.311 0.983258 
110.133 116.847 227.477 314.784 0.284016 
-1 -1 -1 -1 -1 
-1 -1 -1 -1 -1 
-1 -1 -1 -1 -1 
-1 -1 -1 -1 -1 
-1 -1 -1 -1 -1 
-1 -1 -1 -1 -1 
-1 -1 -1 -1 -1 
-1 -1 -1 -1 -1 
111.386 47.2422 230.672 155.906 0.920199 
121.309 138.236 215.754 272.13 0.557789 
-1 -1 -1 -1 -1 
-1 -1 -1 -1 -1 
-1 -1 -1 -1 -1 
-1 -1 -1 -1 -1 
-1 -1 -1 -1 -1 
-1 -1 -1 -1 -1 
-1 -1 -1 -1 -1 
-1 -1 -1 -1 -1 
85.4378 57.5601 212.443 168.174 0.88377 
49.5453 159.722 230.97 301.336 0.812716 
131.039 59.5722 173.144 146.183 0.109684 
-1 -1 -1 -1 -1 
-1 -1 -1 -1 -1 
-1 -1 -1 -1 -1 
-1 -1 -1 -1 -1 
-1 -1 -1 -1 -1 
-1 -1 -1 -1 -1 
-1 -1 -1 -1 -1 
129.104 26.617 219.101 148.22 0.989985 
138.289 140.57 218.368 335.621 0.609588 
-1 -1 -1 -1 -1 
-1 -1 -1 -1 -1 
-1 -1 -1 -1 -1 
-1 -1 -1 -1 -1 
-1 -1 -1 -1 -1 
-1 -1 -1 -1 -1 
-1 -1 -1 -1 -1 
-1 -1 -1 -1 -1 
27.7166 16.1313 302.298 314.761 0.98689 
36.5163 16.0559 270.726 331.481 0.900105 
-1 -1 -1 -1 -1 
-1 -1 -1 -1 -1 
-1 -1 -1 -1 -1 
-1 -1 -1 -1 -1 
-1 -1 -1 -1 -1 
-1 -1 -1 -1 -1 
-1 -1 -1 -1 -1 
-1 -1 -1 -1 -1 
118.983 0.0 288.019 102.837 0.985168 
87.6881 83.3917 253.385 318.836 0.658034 
95.8871 23.2353 236.518 336.759 0.244374 
-1 -1 -1 -1 -1 
-1 -1 -1 -1 -1 
-1 -1 -1 -1 -1 
-1 -1 -1 -1 -1 
-1 -1 -1 -1 -1 
-1 -1 -1 -1 -1 
-1 -1 -1 -1 -1 
80.4078 49.107 226.065 251.414 0.99333 
-1 -1 -1 -1 -1 
-1 -1 -1 -1 -1 
-1 -1 -1 -1 -1 
-1 -1 -1 -1 -1 
-1 -1 -1 -1 -1 
-1 -1 -1 -1 -1 
-1 -1 -1 -1 -1 
-1 -1 -1 -1 -1 
-1 -1 -1 -1 -1 
142.084 152.858 211.221 217.075 0.829647 
137.864 73.2162 218.326 209.76 0.654051 
131.732 194.111 217.482 323.844 0.207275 
-1 -1 -1 -1 -1 
-1 -1 -1 -1 -1 
-1 -1 -1 -1 -1 
-1 -1 -1 -1 -1 
-1 -1 -1 -1 -1 
-1 -1 -1 -1 -1 
-1 -1 -1 -1 -1 
19.0213 16.1888 173.353 128.569 0.984693 
208.831 17.2714 346.16 135.129 0.980398 
221.322 149.271 331.477 226.802 0.918776 
51.2713 116.696 138.611 298.921 0.85785 
223.66 64.747 337.467 324.188 0.511868 
248.813 210.147 308.592 342.412 0.300285 
-1 -1 -1 -1 -1 
-1 -1 -1 -1 -1 
-1 -1 -1 -1 -1 
-1 -1 -1 -1 -1 
85.2609 10.6579 256.248 322.12 0.924519 
78.1517 0.0 254.324 329.056 0.906596 
-1 -1 -1 -1 -1 
-1 -1 -1 -1 -1 
-1 -1 -1 -1 -1 
-1 -1 -1 -1 -1 
-1 -1 -1 -1 -1 
-1 -1 -1 -1 -1 
-1 -1 -1 -1 -1 
-1 -1 -1 -1 -1 
98.0336 129.838 208.493 308.933 0.850683 
121.19 6.52247 308.139 210.506 0.799442 
98.9651 0.0 241.446 189.335 0.763941 
66.8731 116.418 217.994 291.036 0.44784 
45.1451 21.948 163.304 273.865 0.168029 
-1 -1 -1 -1 -1 
-1 -1 -1 -1 -1 
-1 -1 -1 -1 -1 
-1 -1 -1 -1 -1 
-1 -1 -1 -1 -1 
66.2211 111.533 228.06 332.805 0.993572 
73.892 9.74573 231.039 141.69 0.983505 
-1 -1 -1 -1 -1 
-1 -1 -1 -1 -1 
-1 -1 -1 -1 -1 
-1 -1 -1 -1 -1 
-1 -1 -1 -1 -1 
-1 -1 -1 -1 -1 
-1 -1 -1 -1 -1 
-1 -1 -1 -1 -1 
119.984 14.9368 228.248 113.936 0.988436 
134.8 103.617 221.875 314.96 0.656521 
-1 -1 -1 -1 -1 
-1 -1 -1 -1 -1 
-1 -1 -1 -1 -1 
-1 -1 -1 -1 -1 
-1 -1 -1 -1 -1 
-1 -1 -1 -1 -1 
-1 -1 -1 -1 -1 
-1 -1 -1 -1 -1 
63.6623 23.8571 310.652 233.012 0.995613 
57.0535 225.643 304.702 343.167 0.205786 
-1 -1 -1 -1 -1 
-1 -1 -1 -1 -1 
-1 -1 -1 -1 -1 
-1 -1 -1 -1 -1 
-1 -1 -1 -1 -1 
-1 -1 -1 -1 -1 
-1 -1 -1 -1 -1 
-1 -1 -1 -1 -1 
144.861 133.317 235.105 198.132 0.673287 
150.088 59.1756 209.626 158.39 0.371623 
-1 -1 -1 -1 -1 
-1 -1 -1 -1 -1 
-1 -1 -1 -1 -1 
-1 -1 -1 -1 -1 
-1 -1 -1 -1 -1 
-1 -1 -1 -1 -1 
-1 -1 -1 -1 -1 
-1 -1 -1 -1 -1 
75.3605 30.7076 272.817 259.937 0.979257 
22.7115 0.0 181.8 226.66 0.516396 
143.144 162.96 260.446 251.831 0.194293 
81.7126 182.507 209.381 265.0 0.107228 
120.522 42.1909 299.561 202.629 0.10122 
-1 -1 -1 -1 -1 
-1 -1 -1 -1 -1 
-1 -1 -1 -1 -1 
-1 -1 -1 -1 -1 
-1 -1 -1 -1 -1 
178.011 64.798 339.32 322.628 0.98563 
11.4566 78.6729 161.933 323.352 0.970856 
-1 -1 -1 -1 -1 
-1 -1 -1 -1 -1 
-1 -1 -1 -1 -1 
-1 -1 -1 -1 -1 
-1 -1 -1 -1 -1 
-1 -1 -1 -1 -1 
-1 -1 -1 -1 -1 
-1 -1 -1 -1 -1 
102.279 7.4916 254.423 190.733 0.995371 
-1 -1 -1 -1 -1 
-1 -1 -1 -1 -1 
-1 -1 -1 -1 -1 
-1 -1 -1 -1 -1 
-1 -1 -1 -1 -1 
-1 -1 -1 -1 -1 
-1 -1 -1 -1 -1 
-1 -1 -1 -1 -1 
-1 -1 -1 -1 -1 
68.5278 13.7633 305.092 269.887 0.974936 
107.053 167.953 278.453 277.727 0.667879 
60.4493 50.2256 281.608 264.175 0.176849 
-1 -1 -1 -1 -1 
-1 -1 -1 -1 -1 
-1 -1 -1 -1 -1 
-1 -1 -1 -1 -1 
-1 -1 -1 -1 -1 
-1 -1 -1 -1 -1 
-1 -1 -1 -1 -1 
76.2831 4.48636 271.991 108.493 0.996444 
142.81 106.98 233.387 317.989 0.41558 
-1 -1 -1 -1 -1 
-1 -1 -1 -1 -1 
-1 -1 -1 -1 -1 
-1 -1 -1 -1 -1 
-1 -1 -1 -1 -1 
-1 -1 -1 -1 -1 
-1 -1 -1 -1 -1 
-1 -1 -1 -1 -1 
100.679 39.1528 277.73 334.367 0.983132 
103.812 12.6167 276.448 342.508 0.928595 
-1 -1 -1 -1 -1 
-1 -1 -1 -1 -1 
-1 -1 -1 -1 -1 
-1 -1 -1 -1 -1 
-1 -1 -1 -1 -1 
-1 -1 -1 -1 -1 
-1 -1 -1 -1 -1 
-1 -1 -1 -1 -1 
175.779 184.733 294.656 269.283 0.968398 
185.196 86.1249 296.698 196.951 0.900908 
16.979 0.0 151.505 315.194 0.212687 
-1 -1 -1 -1 -1 
-1 -1 -1 -1 -1 
-1 -1 -1 -1 -1 
-1 -1 -1 -1 -1 
-1 -1 -1 -1 -1 
-1 -1 -1 -1 -1 
-1 -1 -1 -1 -1 
134.245 100.149 246.226 264.13 0.89203 
136.435 64.3673 232.77 109.252 0.599153 
143.72 90.5993 258.95 256.517 0.214356 
121.123 3.50203 246.58 68.9146 0.191865 
-1 -1 -1 -1 -1 
-1 -1 -1 -1 -1 
-1 -1 -1 -1 -1 
-1 -1 -1 -1 -1 
-1 -1 -1 -1 -1 
-1 -1 -1 -1 -1 
111.8 10.6747 238.102 234.903 0.994882 
-1 -1 -1 -1 -1 
-1 -1 -1 -1 -1 
-1 -1 -1 -1 -1 
-1 -1 -1 -1 -1 
-1 -1 -1 -1 -1 
-1 -1 -1 -1 -1 
-1 -1 -1 -1 -1 
-1 -1 -1 -1 -1 
-1 -1 -1 -1 -1 
112.123 65.2109 206.723 187.84 0.579473 
93.3067 146.549 226.524 347.226 0.516952 
90.5566 126.939 247.183 343.768 0.182647 
-1 -1 -1 -1 -1 
-1 -1 -1 -1 -1 
-1 -1 -1 -1 -1 
-1 -1 -1 -1 -1 
-1 -1 -1 -1 -1 
-1 -1 -1 -1 -1 
-1 -1 -1 -1 -1 
60.9009 36.6553 301.337 331.371 0.683228 
53.9048 39.3879 305.45 323.719 0.443275 
-1 -1 -1 -1 -1 
-1 -1 -1 -1 -1 
-1 -1 -1 -1 -1 
-1 -1 -1 -1 -1 
-1 -1 -1 -1 -1 
-1 -1 -1 -1 -1 
-1 -1 -1 -1 -1 
-1 -1 -1 -1 -1 
67.4173 100.524 275.758 262.46 0.987395 
64.1221 0.0 271.388 122.421 0.686211 
221.85 0.0 279.914 34.7353 0.142631 
-1 -1 -1 -1 -1 
-1 -1 -1 -1 -1 
-1 -1 -1 -1 -1 
-1 -1 -1 -1 -1 
-1 -1 -1 -1 -1 
-1 -1 -1 -1 -1 
-1 -1 -1 -1 -1 
130.681 10.6008 235.312 120.566 0.977671 
140.009 106.283 228.569 282.286 0.898094 
-1 -1 -1 -1 -1 
-1 -1 -1 -1 -1 
-1 -1 -1 -1 -1 
-1 -1 -1 -1 -1 
-1 -1 -1 -1 -1 
-1 -1 -1 -1 -1 
-1 -1 -1 -1 -1 
-1 -1 -1 -1 -1 
107.419 89.8518 266.002 331.321 0.921634 
108.767 0.0 272.786 113.479 0.564986 
96.1927 96.0082 278.538 338.946 0.361031 
-1 -1 -1 -1 -1 
-1 -1 -1 -1 -1 
-1 -1 -1 -1 -1 
-1 -1 -1 -1 -1 
-1 -1 -1 -1 -1 
-1 -1 -1 -1 -1 
-1 -1 -1 -1 -1 
116.65 1.64338 232.169 165.403 0.995524 
-1 -1 -1 -1 -1 
-1 -1 -1 -1 -1 
-1 -1 -1 -1 -1 
-1 -1 -1 -1 -1 
-1 -1 -1 -1 -1 
-1 -1 -1 -1 -1 
-1 -1 -1 -1 -1 
-1 -1 -1 -1 -1 
-1 -1 -1 -1 -1 
160.995 4.95166 267.94 102.775 0.971747 
155.459 61.3188 257.659 311.447 0.948183 
-1 -1 -1 -1 -1 
-1 -1 -1 -1 -1 
-1 -1 -1 -1 -1 
-1 -1 -1 -1 -1 
-1 -1 -1 -1 -1 
-1 -1 -1 -1 -1 
-1 -1 -1 -1 -1 
-1 -1 -1 -1 -1 
10.7798 50.2516 316.963 311.647 0.998644 
-1 -1 -1 -1 -1 
-1 -1 -1 -1 -1 
-1 -1 -1 -1 -1 
-1 -1 -1 -1 -1 
-1 -1 -1 -1 -1 
-1 -1 -1 -1 -1 
-1 -1 -1 -1 -1 
-1 -1 -1 -1 -1 
-1 -1 -1 -1 -1 
88.5592 57.625 298.808 309.823 0.931488 
121.906 17.1274 279.201 310.094 0.909318 
-1 -1 -1 -1 -1 
-1 -1 -1 -1 -1 
-1 -1 -1 -1 -1 
-1 -1 -1 -1 -1 
-1 -1 -1 -1 -1 
-1 -1 -1 -1 -1 
-1 -1 -1 -1 -1 
-1 -1 -1 -1 -1 
105.142 4.48708 254.223 123.422 0.994339 
130.52 104.989 221.429 322.087 0.301459 
-1 -1 -1 -1 -1 
-1 -1 -1 -1 -1 
-1 -1 -1 -1 -1 
-1 -1 -1 -1 -1 
-1 -1 -1 -1 -1 
-1 -1 -1 -1 -1 
-1 -1 -1 -1 -1 
-1 -1 -1 -1 -1 
151.991 131.355 249.64 232.018 0.786602 
134.11 212.709 249.463 347.302 0.689366 
76.8592 102.551 255.278 334.517 0.652351 
118.994 10.142 194.818 107.913 0.421988 
11.4633 168.796 150.583 349.0 0.339518 
-1 -1 -1 -1 -1 
-1 -1 -1 -1 -1 
-1 -1 -1 -1 -1 
-1 -1 -1 -1 -1 
-1 -1 -1 -1 -1 
83.9812 33.1018 234.141 261.597 0.932589 
55.4388 58.3864 184.833 336.083 0.808812 
117.76 17.5072 211.486 231.345 0.192352 
-1 -1 -1 -1 -1 
-1 -1 -1 -1 -1 
-1 -1 -1 -1 -1 
-1 -1 -1 -1 -1 
-1 -1 -1 -1 -1 
-1 -1 -1 -1 -1 
-1 -1 -1 -1 -1 
27.7823 45.7536 349.0 325.276 0.950592 
42.8686 48.7094 340.429 325.688 0.115351 
-1 -1 -1 -1 -1 
-1 -1 -1 -1 -1 
-1 -1 -1 -1 -1 
-1 -1 -1 -1 -1 
-1 -1 -1 -1 -1 
-1 -1 -1 -1 -1 
-1 -1 -1 -1 -1 
-1 -1 -1 -1 -1 
105.325 7.15949 246.939 225.779 0.996013 
148.813 277.232 210.167 349.0 0.245559 
-1 -1 -1 -1 -1 
-1 -1 -1 -1 -1 
-1 -1 -1 -1 -1 
-1 -1 -1 -1 -1 
-1 -1 -1 -1 -1 
-1 -1 -1 -1 -1 
-1 -1 -1 -1 -1 
-1 -1 -1 -1 -1 
133.687 10.2884 249.002 199.589 0.985468 
-1 -1 -1 -1 -1 
-1 -1 -1 -1 -1 
-1 -1 -1 -1 -1 
-1 -1 -1 -1 -1 
-1 -1 -1 -1 -1 
-1 -1 -1 -1 -1 
-1 -1 -1 -1 -1 
-1 -1 -1 -1 -1 
-1 -1 -1 -1 -1 
139.501 37.248 231.091 199.755 0.987973 
155.175 197.776 222.063 329.661 0.412063 
141.64 33.1363 233.977 194.247 0.104947 
-1 -1 -1 -1 -1 
-1 -1 -1 -1 -1 
-1 -1 -1 -1 -1 
-1 -1 -1 -1 -1 
-1 -1 -1 -1 -1 
-1 -1 -1 -1 -1 
-1 -1 -1 -1 -1 
82.0416 46.762 303.84 253.55 0.966938 
86.86 4.43876 176.909 177.909 0.813854 
106.147 175.62 283.626 324.513 0.445949 
108.26 10.4122 307.635 206.317 0.247006 
-1 -1 -1 -1 -1 
-1 -1 -1 -1 -1 
-1 -1 -1 -1 -1 
-1 -1 -1 -1 -1 
-1 -1 -1 -1 -1 
-1 -1 -1 -1 -1 
88.8064 89.8094 242.794 345.517 0.879527 
100.528 7.42372 224.355 164.016 0.358259 
158.699 18.4975 311.568 303.42 0.123869 
62.5274 12.1166 312.418 349.0 0.109385 
-1 -1 -1 -1 -1 
-1 -1 -1 -1 -1 
-1 -1 -1 -1 -1 
-1 -1 -1 -1 -1 
-1 -1 -1 -1 -1 
-1 -1 -1 -1 -1 
131.459 20.0354 217.302 148.958 0.989531 
-1 -1 -1 -1 -1 
-1 -1 -1 -1 -1 
-1 -1 -1 -1 -1 
-1 -1 -1 -1 -1 
-1 -1 -1 -1 -1 
-1 -1 -1 -1 -1 
-1 -1 -1 -1 -1 
-1 -1 -1 -1 -1 
-1 -1 -1 -1 -1 
135.99 19.0155 243.724 149.528 0.971908 
149.466 144.238 235.976 319.725 0.271252 
47.887 181.213 183.25 328.865 0.144493 
-1 -1 -1 -1 -1 
-1 -1 -1 -1 -1 
-1 -1 -1 -1 -1 
-1 -1 -1 -1 -1 
-1 -1 -1 -1 -1 
-1 -1 -1 -1 -1 
-1 -1 -1 -1 -1 
113.023 66.2644 228.151 165.382 0.898101 
100.682 82.2444 244.896 334.356 0.275991 
106.589 172.694 241.822 339.271 0.228501 
-1 -1 -1 -1 -1 
-1 -1 -1 -1 -1 
-1 -1 -1 -1 -1 
-1 -1 -1 -1 -1 
-1 -1 -1 -1 -1 
-1 -1 -1 -1 -1 
-1 -1 -1 -1 -1 
122.986 0.0 235.44 166.964 0.990031 
147.042 168.668 222.104 331.926 0.115593 
-1 -1 -1 -1 -1 
-1 -1 -1 -1 -1 
-1 -1 -1 -1 -1 
-1 -1 -1 -1 -1 
-1 -1 -1 -1 -1 
-1 -1 -1 -1 -1 
-1 -1 -1 -1 -1 
-1 -1 -1 -1 -1 
129.164 120.978 238.397 294.952 0.907751 
136.134 54.8668 205.769 131.867 0.823563 
-1 -1 -1 -1 -1 
-1 -1 -1 -1 -1 
-1 -1 -1 -1 -1 
-1 -1 -1 -1 -1 
-1 -1 -1 -1 -1 
-1 -1 -1 -1 -1 
-1 -1 -1 -1 -1 
-1 -1 -1 -1 -1 
136.954 117.748 219.01 292.419 0.979484 
116.516 7.9176 238.855 130.633 0.950506 
-1 -1 -1 -1 -1 
-1 -1 -1 -1 -1 
-1 -1 -1 -1 -1 
-1 -1 -1 -1 -1 
-1 -1 -1 -1 -1 
-1 -1 -1 -1 -1 
-1 -1 -1 -1 -1 
-1 -1 -1 -1 -1 
43.9385 16.9813 336.45 256.775 0.998548 
40.389 64.689 320.488 252.285 0.294651 
-1 -1 -1 -1 -1 
-1 -1 -1 -1 -1 
-1 -1 -1 -1 -1 
-1 -1 -1 -1 -1 
-1 -1 -1 -1 -1 
-1 -1 -1 -1 -1 
-1 -1 -1 -1 -1 
-1 -1 -1 -1 -1 
39.349 45.2335 317.641 264.663 0.991634 
37.5342 69.5656 312.686 250.283 0.53196 
31.4623 162.586 195.313 266.167 0.288738 
187.655 131.657 300.733 280.562 0.190842 
104.677 0.0 278.935 65.4939 0.133299 
-1 -1 -1 -1 -1 
-1 -1 -1 -1 -1 
-1 -1 -1 -1 -1 
-1 -1 -1 -1 -1 
-1 -1 -1 -1 -1 
55.8603 25.3281 308.057 259.711 0.994913 
-1 -1 -1 -1 -1 
-1 -1 -1 -1 -1 
-1 -1 -1 -1 -1 
-1 -1 -1 -1 -1 
-1 -1 -1 -1 -1 
-1 -1 -1 -1 -1 
-1 -1 -1 -1 -1 
-1 -1 -1 -1 -1 
-1 -1 -1 -1 -1 
108.291 54.9497 190.579 315.079 0.910022 
170.547 36.6006 319.879 291.345 0.685517 
194.749 142.212 274.497 302.231 0.315253 
121.441 71.5296 296.747 172.873 0.237316 
189.318 0.0 248.064 157.25 0.13671 
110.91 1.8973 230.94 68.6719 0.136366 
113.639 62.8906 259.095 160.646 0.104165 
-1 -1 -1 -1 -1 
-1 -1 -1 -1 -1 
-1 -1 -1 -1 -1 
70.8731 12.5528 302.535 192.093 0.996572 
122.21 165.388 247.423 323.65 0.336691 
100.637 0.0 287.309 343.158 0.138028 
-1 -1 -1 -1 -1 
-1 -1 -1 -1 -1 
-1 -1 -1 -1 -1 
-1 -1 -1 -1 -1 
-1 -1 -1 -1 -1 
-1 -1 -1 -1 -1 
-1 -1 -1 -1 -1 
18.9894 88.4065 324.447 309.883 0.995693 
56.3344 34.4867 258.335 333.885 0.172245 
58.5433 0.0 316.791 121.566 0.148998 
-1 -1 -1 -1 -1 
-1 -1 -1 -1 -1 
-1 -1 -1 -1 -1 
-1 -1 -1 -1 -1 
-1 -1 -1 -1 -1 
-1 -1 -1 -1 -1 
-1 -1 -1 -1 -1 
138.66 8.8354 262.323 125.466 0.993305 
156.138 123.243 214.584 282.971 0.221846 
-1 -1 -1 -1 -1 
-1 -1 -1 -1 -1 
-1 -1 -1 -1 -1 
-1 -1 -1 -1 -1 
-1 -1 -1 -1 -1 
-1 -1 -1 -1 -1 
-1 -1 -1 -1 -1 
-1 -1 -1 -1 -1 
95.9976 110.664 288.931 291.737 0.878461 
93.2574 0.0 296.568 291.674 0.872094 
139.048 4.89842 277.433 149.854 0.750158 
79.4437 0.0 181.931 98.709 0.158231 
-1 -1 -1 -1 -1 
-1 -1 -1 -1 -1 
-1 -1 -1 -1 -1 
-1 -1 -1 -1 -1 
-1 -1 -1 -1 -1 
-1 -1 -1 -1 -1 
32.9037 40.9143 317.679 294.921 0.988622 
20.0768 212.343 335.939 287.815 0.422659 
23.122 57.2551 319.293 269.329 0.29219 
-1 -1 -1 -1 -1 
-1 -1 -1 -1 -1 
-1 -1 -1 -1 -1 
-1 -1 -1 -1 -1 
-1 -1 -1 -1 -1 
-1 -1 -1 -1 -1 
-1 -1 -1 -1 -1 
11.9601 18.785 333.07 262.521 0.999481 
130.756 33.7848 229.655 292.058 0.158933 
-1 -1 -1 -1 -1 
-1 -1 -1 -1 -1 
-1 -1 -1 -1 -1 
-1 -1 -1 -1 -1 
-1 -1 -1 -1 -1 
-1 -1 -1 -1 -1 
-1 -1 -1 -1 -1 
-1 -1 -1 -1 -1 
57.2744 83.5213 296.367 308.86 0.992665 
93.7284 0.079788 300.955 113.273 0.245116 
94.4928 0.473438 315.456 119.43 0.106803 
-1 -1 -1 -1 -1 
-1 -1 -1 -1 -1 
-1 -1 -1 -1 -1 
-1 -1 -1 -1 -1 
-1 -1 -1 -1 -1 
-1 -1 -1 -1 -1 
-1 -1 -1 -1 -1 
124.309 13.0995 249.537 139.482 0.943831 
150.274 142.092 263.742 310.258 0.512659 
-1 -1 -1 -1 -1 
-1 -1 -1 -1 -1 
-1 -1 -1 -1 -1 
-1 -1 -1 -1 -1 
-1 -1 -1 -1 -1 
-1 -1 -1 -1 -1 
-1 -1 -1 -1 -1 
-1 -1 -1 -1 -1 
130.969 17.2879 221.805 186.228 0.98292 
145.377 196.191 209.044 320.851 0.368649 
-1 -1 -1 -1 -1 
-1 -1 -1 -1 -1 
-1 -1 -1 -1 -1 
-1 -1 -1 -1 -1 
-1 -1 -1 -1 -1 
-1 -1 -1 -1 -1 
-1 -1 -1 -1 -1 
-1 -1 -1 -1 -1 
38.756 107.682 196.124 312.076 0.938226 
214.485 25.6711 327.81 101.173 0.93304 
233.603 96.7284 324.495 298.303 0.684797 
46.1893 18.2003 133.99 117.15 0.549984 
-1 -1 -1 -1 -1 
-1 -1 -1 -1 -1 
-1 -1 -1 -1 -1 
-1 -1 -1 -1 -1 
-1 -1 -1 -1 -1 
-1 -1 -1 -1 -1 
2.23885 82.868 224.383 343.907 0.623213 
0.0 32.2209 349.0 347.263 0.478042 
109.63 19.2468 349.0 349.0 0.209105 
-1 -1 -1 -1 -1 
-1 -1 -1 -1 -1 
-1 -1 -1 -1 -1 
-1 -1 -1 -1 -1 
-1 -1 -1 -1 -1 
-1 -1 -1 -1 -1 
-1 -1 -1 -1 -1 
96.3962 149.596 250.844 316.517 0.898856 
98.0587 86.362 244.539 306.421 0.719939 
-1 -1 -1 -1 -1 
-1 -1 -1 -1 -1 
-1 -1 -1 -1 -1 
-1 -1 -1 -1 -1 
-1 -1 -1 -1 -1 
-1 -1 -1 -1 -1 
-1 -1 -1 -1 -1 
-1 -1 -1 -1 -1 
11.7985 23.7958 301.01 260.161 0.992027 
16.6496 46.9999 299.426 290.611 0.160304 
-1 -1 -1 -1 -1 
-1 -1 -1 -1 -1 
-1 -1 -1 -1 -1 
-1 -1 -1 -1 -1 
-1 -1 -1 -1 -1 
-1 -1 -1 -1 -1 
-1 -1 -1 -1 -1 
-1 -1 -1 -1 -1 
0.0 31.4941 337.418 342.032 0.403346 
19.0451 36.5403 325.427 347.695 0.174678 
-1 -1 -1 -1 -1 
-1 -1 -1 -1 -1 
-1 -1 -1 -1 -1 
-1 -1 -1 -1 -1 
-1 -1 -1 -1 -1 
-1 -1 -1 -1 -1 
-1 -1 -1 -1 -1 
-1 -1 -1 -1 -1 
62.672 18.2928 305.47 216.268 0.973324 
78.3733 117.78 206.568 235.817 0.261869 
-1 -1 -1 -1 -1 
-1 -1 -1 -1 -1 
-1 -1 -1 -1 -1 
-1 -1 -1 -1 -1 
-1 -1 -1 -1 -1 
-1 -1 -1 -1 -1 
-1 -1 -1 -1 -1 
-1 -1 -1 -1 -1 
14.6319 58.7002 330.761 295.527 0.997891 
53.7412 65.249 170.001 223.679 0.496261 
171.466 171.641 320.339 301.577 0.166191 
142.756 70.5696 296.631 211.186 0.116574 
-1 -1 -1 -1 -1 
-1 -1 -1 -1 -1 
-1 -1 -1 -1 -1 
-1 -1 -1 -1 -1 
-1 -1 -1 -1 -1 
-1 -1 -1 -1 -1 
91.0905 63.6702 292.472 287.981 0.919349 
-1 -1 -1 -1 -1 
-1 -1 -1 -1 -1 
-1 -1 -1 -1 -1 
-1 -1 -1 -1 -1 
-1 -1 -1 -1 -1 
-1 -1 -1 -1 -1 
-1 -1 -1 -1 -1 
-1 -1 -1 -1 -1 
-1 -1 -1 -1 -1 
102.126 88.6975 249.198 312.031 0.997554 
120.086 223.154 232.793 317.451 0.170863 
-1 -1 -1 -1 -1 
-1 -1 -1 -1 -1 
-1 -1 -1 -1 -1 
-1 -1 -1 -1 -1 
-1 -1 -1 -1 -1 
-1 -1 -1 -1 -1 
-1 -1 -1 -1 -1 
-1 -1 -1 -1 -1 
94.857 6.29014 251.558 135.143 0.99572 
118.821 51.5669 235.278 284.39 0.152928 
-1 -1 -1 -1 -1 
-1 -1 -1 -1 -1 
-1 -1 -1 -1 -1 
-1 -1 -1 -1 -1 
-1 -1 -1 -1 -1 
-1 -1 -1 -1 -1 
-1 -1 -1 -1 -1 
-1 -1 -1 -1 -1 
124.151 17.3462 215.742 190.292 0.948015 
129.881 175.756 201.699 312.749 0.149334 
137.578 195.042 202.843 327.76 0.146018 
148.439 164.659 202.498 187.654 0.129289 
-1 -1 -1 -1 -1 
-1 -1 -1 -1 -1 
-1 -1 -1 -1 -1 
-1 -1 -1 -1 -1 
-1 -1 -1 -1 -1 
-1 -1 -1 -1 -1 
45.8471 76.2184 315.718 319.099 0.992121 
55.1902 76.479 293.517 330.77 0.197944 
-1 -1 -1 -1 -1 
-1 -1 -1 -1 -1 
-1 -1 -1 -1 -1 
-1 -1 -1 -1 -1 
-1 -1 -1 -1 -1 
-1 -1 -1 -1 -1 
-1 -1 -1 -1 -1 
-1 -1 -1 -1 -1 
132.847 2.29269 237.696 123.853 0.983493 
246.503 7.34865 337.663 127.988 0.982543 
29.7305 12.8593 117.397 123.866 0.9676 
14.7377 120.492 95.0238 310.256 0.244479 
251.5 131.908 324.809 318.651 0.188674 
137.284 121.146 233.222 317.529 0.150478 
-1 -1 -1 -1 -1 
-1 -1 -1 -1 -1 
-1 -1 -1 -1 -1 
-1 -1 -1 -1 -1 
114.247 30.7096 231.64 275.797 0.992443 
-1 -1 -1 -1 -1 
-1 -1 -1 -1 -1 
-1 -1 -1 -1 -1 
-1 -1 -1 -1 -1 
-1 -1 -1 -1 -1 
-1 -1 -1 -1 -1 
-1 -1 -1 -1 -1 
-1 -1 -1 -1 -1 
-1 -1 -1 -1 -1 
141.811 5.41523 266.784 129.782 0.975841 
180.729 127.044 292.126 322.961 0.515207 
197.763 120.764 245.48 242.555 0.183791 
-1 -1 -1 -1 -1 
-1 -1 -1 -1 -1 
-1 -1 -1 -1 -1 
-1 -1 -1 -1 -1 
-1 -1 -1 -1 -1 
-1 -1 -1 -1 -1 
-1 -1 -1 -1 -1 
10.0694 74.3062 98.5651 222.069 0.98843 
79.81 55.7636 349.0 331.703 0.963783 
17.8591 208.445 109.066 305.552 0.944395 
109.577 39.095 290.95 333.857 0.380794 
-1 -1 -1 -1 -1 
-1 -1 -1 -1 -1 
-1 -1 -1 -1 -1 
-1 -1 -1 -1 -1 
-1 -1 -1 -1 -1 
-1 -1 -1 -1 -1 
147.448 126.089 246.379 295.73 0.973274 
139.347 56.9774 238.343 189.646 0.24246 
133.301 131.603 274.604 317.968 0.116622 
-1 -1 -1 -1 -1 
-1 -1 -1 -1 -1 
-1 -1 -1 -1 -1 
-1 -1 -1 -1 -1 
-1 -1 -1 -1 -1 
-1 -1 -1 -1 -1 
-1 -1 -1 -1 -1 
79.2317 0.0 272.924 286.618 0.98063 
53.3524 0.0 170.15 248.882 0.943582 
95.1042 148.747 270.482 283.446 0.733173 
28.7771 127.123 149.421 215.07 0.440761 
172.587 0.79963 290.776 270.551 0.120491 
-1 -1 -1 -1 -1 
-1 -1 -1 -1 -1 
-1 -1 -1 -1 -1 
-1 -1 -1 -1 -1 
-1 -1 -1 -1 -1 
130.33 58.3696 224.762 131.596 0.796866 
15.5795 125.284 244.557 317.191 0.597304 
177.833 131.366 240.39 294.319 0.34123 
-1 -1 -1 -1 -1 
-1 -1 -1 -1 -1 
-1 -1 -1 -1 -1 
-1 -1 -1 -1 -1 
-1 -1 -1 -1 -1 
-1 -1 -1 -1 -1 
-1 -1 -1 -1 -1 
107.973 30.7473 236.265 273.974 0.943848 
116.292 0.0 237.301 284.875 0.200724 
-1 -1 -1 -1 -1 
-1 -1 -1 -1 -1 
-1 -1 -1 -1 -1 
-1 -1 -1 -1 -1 
-1 -1 -1 -1 -1 
-1 -1 -1 -1 -1 
-1 -1 -1 -1 -1 
-1 -1 -1 -1 -1 
76.2383 72.6966 283.599 260.896 0.975192 
50.2837 1.47382 291.346 257.848 0.677075 
51.604 26.5501 125.864 211.184 0.418 
-1 -1 -1 -1 -1 
-1 -1 -1 -1 -1 
-1 -1 -1 -1 -1 
-1 -1 -1 -1 -1 
-1 -1 -1 -1 -1 
-1 -1 -1 -1 -1 
-1 -1 -1 -1 -1 
123.603 2.25173 230.65 169.089 0.986773 
148.886 169.047 207.471 346.705 0.131796 
-1 -1 -1 -1 -1 
-1 -1 -1 -1 -1 
-1 -1 -1 -1 -1 
-1 -1 -1 -1 -1 
-1 -1 -1 -1 -1 
-1 -1 -1 -1 -1 
-1 -1 -1 -1 -1 
-1 -1 -1 -1 -1 
125.524 23.4977 225.236 156.373 0.883224 
125.56 182.391 231.073 316.413 0.876931 
51.4876 8.16537 118.658 200.227 0.324296 
123.153 15.5068 215.691 161.884 0.222664 
-1 -1 -1 -1 -1 
-1 -1 -1 -1 -1 
-1 -1 -1 -1 -1 
-1 -1 -1 -1 -1 
-1 -1 -1 -1 -1 
-1 -1 -1 -1 -1 
99.7493 59.4062 247.611 279.939 0.990236 
106.711 0.0 256.405 80.1806 0.14708 
-1 -1 -1 -1 -1 
-1 -1 -1 -1 -1 
-1 -1 -1 -1 -1 
-1 -1 -1 -1 -1 
-1 -1 -1 -1 -1 
-1 -1 -1 -1 -1 
-1 -1 -1 -1 -1 
-1 -1 -1 -1 -1 
149.235 92.638 270.107 259.582 0.369841 
-1 -1 -1 -1 -1 
-1 -1 -1 -1 -1 
-1 -1 -1 -1 -1 
-1 -1 -1 -1 -1 
-1 -1 -1 -1 -1 
-1 -1 -1 -1 -1 
-1 -1 -1 -1 -1 
-1 -1 -1 -1 -1 
-1 -1 -1 -1 -1 
114.878 1.79283 228.99 168.039 0.992825 
136.098 171.506 212.748 333.271 0.106607 
-1 -1 -1 -1 -1 
-1 -1 -1 -1 -1 
-1 -1 -1 -1 -1 
-1 -1 -1 -1 -1 
-1 -1 -1 -1 -1 
-1 -1 -1 -1 -1 
-1 -1 -1 -1 -1 
-1 -1 -1 -1 -1 
123.177 12.8201 230.882 126.132 0.982252 
144.955 120.813 200.835 269.768 0.550713 
-1 -1 -1 -1 -1 
-1 -1 -1 -1 -1 
-1 -1 -1 -1 -1 
-1 -1 -1 -1 -1 
-1 -1 -1 -1 -1 
-1 -1 -1 -1 -1 
-1 -1 -1 -1 -1 
-1 -1 -1 -1 -1 
74.4757 52.511 283.434 320.906 0.979338 
61.3314 50.3926 271.911 305.679 0.133741 
-1 -1 -1 -1 -1 
-1 -1 -1 -1 -1 
-1 -1 -1 -1 -1 
-1 -1 -1 -1 -1 
-1 -1 -1 -1 -1 
-1 -1 -1 -1 -1 
-1 -1 -1 -1 -1 
-1 -1 -1 -1 -1 
192.468 27.0469 349.0 336.165 0.873423 
58.9366 9.10018 143.245 286.417 0.730732 
60.4033 93.8698 156.351 285.904 0.318838 
18.3086 42.6611 145.007 133.857 0.248873 
-1 -1 -1 -1 -1 
-1 -1 -1 -1 -1 
-1 -1 -1 -1 -1 
-1 -1 -1 -1 -1 
-1 -1 -1 -1 -1 
-1 -1 -1 -1 -1 
169.501 33.5676 264.706 158.305 0.985607 
-1 -1 -1 -1 -1 
-1 -1 -1 -1 -1 
-1 -1 -1 -1 -1 
-1 -1 -1 -1 -1 
-1 -1 -1 -1 -1 
-1 -1 -1 -1 -1 
-1 -1 -1 -1 -1 
-1 -1 -1 -1 -1 
-1 -1 -1 -1 -1 
107.595 8.65606 237.199 136.264 0.992724 
126.178 97.5017 220.818 309.632 0.886829 
-1 -1 -1 -1 -1 
-1 -1 -1 -1 -1 
-1 -1 -1 -1 -1 
-1 -1 -1 -1 -1 
-1 -1 -1 -1 -1 
-1 -1 -1 -1 -1 
-1 -1 -1 -1 -1 
-1 -1 -1 -1 -1 
103.909 0.116895 229.385 176.322 0.991284 
128.475 183.896 202.001 321.865 0.433864 
-1 -1 -1 -1 -1 
-1 -1 -1 -1 -1 
-1 -1 -1 -1 -1 
-1 -1 -1 -1 -1 
-1 -1 -1 -1 -1 
-1 -1 -1 -1 -1 
-1 -1 -1 -1 -1 
-1 -1 -1 -1 -1 
107.782 101.151 250.318 193.28 0.931988 
92.4734 173.179 235.577 289.448 0.915329 
-1 -1 -1 -1 -1 
-1 -1 -1 -1 -1 
-1 -1 -1 -1 -1 
-1 -1 -1 -1 -1 
-1 -1 -1 -1 -1 
-1 -1 -1 -1 -1 
-1 -1 -1 -1 -1 
-1 -1 -1 -1 -1 
135.747 37.5307 261.311 270.443 0.975483 
-1 -1 -1 -1 -1 
-1 -1 -1 -1 -1 
-1 -1 -1 -1 -1 
-1 -1 -1 -1 -1 
-1 -1 -1 -1 -1 
-1 -1 -1 -1 -1 
-1 -1 -1 -1 -1 
-1 -1 -1 -1 -1 
-1 -1 -1 -1 -1 
124.483 50.3541 236.705 322.062 0.962755 
138.768 46.2853 227.615 146.819 0.359314 
28.9813 69.8237 133.805 313.092 0.105481 
-1 -1 -1 -1 -1 
-1 -1 -1 -1 -1 
-1 -1 -1 -1 -1 
-1 -1 -1 -1 -1 
-1 -1 -1 -1 -1 
-1 -1 -1 -1 -1 
-1 -1 -1 -1 -1 
51.4054 15.8767 299.2 300.595 0.958483 
80.7999 24.8219 264.88 301.589 0.688958 
-1 -1 -1 -1 -1 
-1 -1 -1 -1 -1 
-1 -1 -1 -1 -1 
-1 -1 -1 -1 -1 
-1 -1 -1 -1 -1 
-1 -1 -1 -1 -1 
-1 -1 -1 -1 -1 
-1 -1 -1 -1 -1 
55.7817 31.4461 291.893 325.743 0.980066 
259.715 0.0 323.782 187.097 0.52832 
48.3812 41.7383 247.83 331.994 0.455693 
-1 -1 -1 -1 -1 
-1 -1 -1 -1 -1 
-1 -1 -1 -1 -1 
-1 -1 -1 -1 -1 
-1 -1 -1 -1 -1 
-1 -1 -1 -1 -1 
-1 -1 -1 -1 -1 
109.852 86.1258 218.986 224.334 0.40845 
117.584 174.476 206.9 324.015 0.273883 
-1 -1 -1 -1 -1 
-1 -1 -1 -1 -1 
-1 -1 -1 -1 -1 
-1 -1 -1 -1 -1 
-1 -1 -1 -1 -1 
-1 -1 -1 -1 -1 
-1 -1 -1 -1 -1 
-1 -1 -1 -1 -1 
100.435 6.27963 238.266 334.283 0.82167 
0.0 105.239 86.2209 340.649 0.199712 
136.983 11.4804 241.244 349.0 0.184462 
-1 -1 -1 -1 -1 
-1 -1 -1 -1 -1 
-1 -1 -1 -1 -1 
-1 -1 -1 -1 -1 
-1 -1 -1 -1 -1 
-1 -1 -1 -1 -1 
-1 -1 -1 -1 -1 
105.631 1.91454 240.852 245.276 0.993997 
128.235 163.136 225.79 252.978 0.108579 
-1 -1 -1 -1 -1 
-1 -1 -1 -1 -1 
-1 -1 -1 -1 -1 
-1 -1 -1 -1 -1 
-1 -1 -1 -1 -1 
-1 -1 -1 -1 -1 
-1 -1 -1 -1 -1 
-1 -1 -1 -1 -1 
51.3612 60.1337 272.839 271.732 0.956448 
71.8831 263.453 228.471 349.0 0.220732 
225.139 0.0 349.0 177.379 0.156242 
45.4698 0.0 281.342 283.222 0.103159 
-1 -1 -1 -1 -1 
-1 -1 -1 -1 -1 
-1 -1 -1 -1 -1 
-1 -1 -1 -1 -1 
-1 -1 -1 -1 -1 
-1 -1 -1 -1 -1 
73.1506 146.696 238.953 317.718 0.850921 
141.239 53.8386 225.2 190.831 0.720801 
-1 -1 -1 -1 -1 
-1 -1 -1 -1 -1 
-1 -1 -1 -1 -1 
-1 -1 -1 -1 -1 
-1 -1 -1 -1 -1 
-1 -1 -1 -1 -1 
-1 -1 -1 -1 -1 
-1 -1 -1 -1 -1 
90.3963 0.0 248.902 145.775 0.992146 
53.2243 139.991 232.338 344.722 0.617459 
61.8029 56.1757 251.893 349.0 0.259593 
-1 -1 -1 -1 -1 
-1 -1 -1 -1 -1 
-1 -1 -1 -1 -1 
-1 -1 -1 -1 -1 
-1 -1 -1 -1 -1 
-1 -1 -1 -1 -1 
-1 -1 -1 -1 -1 
121.94 3.15592 254.038 125.692 0.982389 
120.282 105.987 204.823 266.029 0.354555 
278.732 5.05935 349.0 84.2561 0.27541 
91.771 113.714 303.421 331.001 0.158444 
231.072 30.6663 345.748 336.028 0.11943 
-1 -1 -1 -1 -1 
-1 -1 -1 -1 -1 
-1 -1 -1 -1 -1 
-1 -1 -1 -1 -1 
-1 -1 -1 -1 -1 
15.1588 27.0014 323.211 253.237 0.984736 
246.8 1.4537 303.392 111.756 0.367636 
35.2979 0.0 317.762 248.676 0.246291 
33.6325 82.0024 89.2341 223.513 0.145699 
-1 -1 -1 -1 -1 
-1 -1 -1 -1 -1 
-1 -1 -1 -1 -1 
-1 -1 -1 -1 -1 
-1 -1 -1 -1 -1 
-1 -1 -1 -1 -1 
50.8016 7.73569 281.276 116.224 0.986441 
31.3147 84.9587 193.84 343.24 0.598938 
147.962 104.686 275.242 311.567 0.483584 
-1 -1 -1 -1 -1 
-1 -1 -1 -1 -1 
-1 -1 -1 -1 -1 
-1 -1 -1 -1 -1 
-1 -1 -1 -1 -1 
-1 -1 -1 -1 -1 
-1 -1 -1 -1 -1 
69.7921 47.9028 263.924 290.112 0.995602 
73.1919 91.4665 269.009 284.694 0.377075 
-1 -1 -1 -1 -1 
-1 -1 -1 -1 -1 
-1 -1 -1 -1 -1 
-1 -1 -1 -1 -1 
-1 -1 -1 -1 -1 
-1 -1 -1 -1 -1 
-1 -1 -1 -1 -1 
-1 -1 -1 -1 -1 
71.2239 48.7541 283.031 268.906 0.998782 
-1 -1 -1 -1 -1 
-1 -1 -1 -1 -1 
-1 -1 -1 -1 -1 
-1 -1 -1 -1 -1 
-1 -1 -1 -1 -1 
-1 -1 -1 -1 -1 
-1 -1 -1 -1 -1 
-1 -1 -1 -1 -1 
-1 -1 -1 -1 -1 
114.491 1.63735 253.835 196.922 0.994951 
129.119 180.913 229.634 341.521 0.203778 
-1 -1 -1 -1 -1 
-1 -1 -1 -1 -1 
-1 -1 -1 -1 -1 
-1 -1 -1 -1 -1 
-1 -1 -1 -1 -1 
-1 -1 -1 -1 -1 
-1 -1 -1 -1 -1 
-1 -1 -1 -1 -1 
109.115 14.3826 249.374 156.475 0.992144 
139.126 159.176 212.928 293.495 0.456102 
-1 -1 -1 -1 -1 
-1 -1 -1 -1 -1 
-1 -1 -1 -1 -1 
-1 -1 -1 -1 -1 
-1 -1 -1 -1 -1 
-1 -1 -1 -1 -1 
-1 -1 -1 -1 -1 
-1 -1 -1 -1 -1 
117.428 59.6256 216.547 189.381 0.969214 
-1 -1 -1 -1 -1 
-1 -1 -1 -1 -1 
-1 -1 -1 -1 -1 
-1 -1 -1 -1 -1 
-1 -1 -1 -1 -1 
-1 -1 -1 -1 -1 
-1 -1 -1 -1 -1 
-1 -1 -1 -1 -1 
-1 -1 -1 -1 -1 
149.214 14.8187 276.902 136.027 0.992448 
162.864 135.37 257.171 308.321 0.351989 
-1 -1 -1 -1 -1 
-1 -1 -1 -1 -1 
-1 -1 -1 -1 -1 
-1 -1 -1 -1 -1 
-1 -1 -1 -1 -1 
-1 -1 -1 -1 -1 
-1 -1 -1 -1 -1 
-1 -1 -1 -1 -1 
66.3081 13.8864 291.502 323.113 0.996208 
-1 -1 -1 -1 -1 
-1 -1 -1 -1 -1 
-1 -1 -1 -1 -1 
-1 -1 -1 -1 -1 
-1 -1 -1 -1 -1 
-1 -1 -1 -1 -1 
-1 -1 -1 -1 -1 
-1 -1 -1 -1 -1 
-1 -1 -1 -1 -1 
109.908 82.0191 231.366 236.528 0.982347 
105.771 178.561 229.282 318.738 0.615283 
-1 -1 -1 -1 -1 
-1 -1 -1 -1 -1 
-1 -1 -1 -1 -1 
-1 -1 -1 -1 -1 
-1 -1 -1 -1 -1 
-1 -1 -1 -1 -1 
-1 -1 -1 -1 -1 
-1 -1 -1 -1 -1 
144.175 45.7046 230.46 187.619 0.988387 
134.105 167.737 225.712 305.798 0.429828 
-1 -1 -1 -1 -1 
-1 -1 -1 -1 -1 
-1 -1 -1 -1 -1 
-1 -1 -1 -1 -1 
-1 -1 -1 -1 -1 
-1 -1 -1 -1 -1 
-1 -1 -1 -1 -1 
-1 -1 -1 -1 -1 
134.988 65.7523 234.919 308.686 0.739073 
36.3173 6.08763 189.339 337.227 0.493432 
61.3017 37.4393 174.4 254.409 0.42877 
200.111 104.605 339.783 330.724 0.298346 
40.3502 51.4194 156.382 131.299 0.173974 
101.315 19.7766 248.246 131.652 0.105592 
-1 -1 -1 -1 -1 
-1 -1 -1 -1 -1 
-1 -1 -1 -1 -1 
-1 -1 -1 -1 -1 
121.382 10.645 221.185 142.354 0.991767 
146.325 133.122 212.416 267.177 0.459155 
-1 -1 -1 -1 -1 
-1 -1 -1 -1 -1 
-1 -1 -1 -1 -1 
-1 -1 -1 -1 -1 
-1 -1 -1 -1 -1 
-1 -1 -1 -1 -1 
-1 -1 -1 -1 -1 
-1 -1 -1 -1 -1 
127.617 51.8687 272.734 200.121 0.893545 
130.566 152.323 282.397 318.68 0.426293 
-1 -1 -1 -1 -1 
-1 -1 -1 -1 -1 
-1 -1 -1 -1 -1 
-1 -1 -1 -1 -1 
-1 -1 -1 -1 -1 
-1 -1 -1 -1 -1 
-1 -1 -1 -1 -1 
-1 -1 -1 -1 -1 
116.964 6.9205 246.479 182.265 0.994048 
129.755 176.811 221.477 335.485 0.493547 
-1 -1 -1 -1 -1 
-1 -1 -1 -1 -1 
-1 -1 -1 -1 -1 
-1 -1 -1 -1 -1 
-1 -1 -1 -1 -1 
-1 -1 -1 -1 -1 
-1 -1 -1 -1 -1 
-1 -1 -1 -1 -1 
102.08 28.639 233.908 241.552 0.981505 
156.154 240.843 195.464 337.011 0.159643 
105.06 78.2306 250.232 220.033 0.109093 
-1 -1 -1 -1 -1 
-1 -1 -1 -1 -1 
-1 -1 -1 -1 -1 
-1 -1 -1 -1 -1 
-1 -1 -1 -1 -1 
-1 -1 -1 -1 -1 
-1 -1 -1 -1 -1 
114.451 1.91846 229.649 106.099 0.984312 
126.322 95.4443 211.046 277.925 0.643662 
-1 -1 -1 -1 -1 
-1 -1 -1 -1 -1 
-1 -1 -1 -1 -1 
-1 -1 -1 -1 -1 
-1 -1 -1 -1 -1 
-1 -1 -1 -1 -1 
-1 -1 -1 -1 -1 
-1 -1 -1 -1 -1 
113.127 74.7632 329.192 302.812 0.990005 
13.685 61.1112 93.2236 199.781 0.824715 
103.765 71.3804 344.429 291.712 0.233737 
21.7865 125.192 100.517 203.426 0.228362 
-1 -1 -1 -1 -1 
-1 -1 -1 -1 -1 
-1 -1 -1 -1 -1 
-1 -1 -1 -1 -1 
-1 -1 -1 -1 -1 
-1 -1 -1 -1 -1 
121.527 4.04069 223.269 189.72 0.987273 
-1 -1 -1 -1 -1 
-1 -1 -1 -1 -1 
-1 -1 -1 -1 -1 
-1 -1 -1 -1 -1 
-1 -1 -1 -1 -1 
-1 -1 -1 -1 -1 
-1 -1 -1 -1 -1 
-1 -1 -1 -1 -1 
-1 -1 -1 -1 -1 
119.711 163.1 238.284 298.544 0.781543 
117.603 68.8447 232.944 197.088 0.632066 
-1 -1 -1 -1 -1 
-1 -1 -1 -1 -1 
-1 -1 -1 -1 -1 
-1 -1 -1 -1 -1 
-1 -1 -1 -1 -1 
-1 -1 -1 -1 -1 
-1 -1 -1 -1 -1 
-1 -1 -1 -1 -1 
107.58 93.4611 271.328 262.628 0.988857 
113.115 0.0 284.869 111.875 0.125594 
-1 -1 -1 -1 -1 
-1 -1 -1 -1 -1 
-1 -1 -1 -1 -1 
-1 -1 -1 -1 -1 
-1 -1 -1 -1 -1 
-1 -1 -1 -1 -1 
-1 -1 -1 -1 -1 
-1 -1 -1 -1 -1 
109.737 0.0 265.201 190.532 0.993399 
158.276 228.019 242.771 349.0 0.617466 
-1 -1 -1 -1 -1 
-1 -1 -1 -1 -1 
-1 -1 -1 -1 -1 
-1 -1 -1 -1 -1 
-1 -1 -1 -1 -1 
-1 -1 -1 -1 -1 
-1 -1 -1 -1 -1 
-1 -1 -1 -1 -1 
48.8082 59.4302 290.704 313.21 0.984173 
-1 -1 -1 -1 -1 
-1 -1 -1 -1 -1 
-1 -1 -1 -1 -1 
-1 -1 -1 -1 -1 
-1 -1 -1 -1 -1 
-1 -1 -1 -1 -1 
-1 -1 -1 -1 -1 
-1 -1 -1 -1 -1 
-1 -1 -1 -1 -1 
104.242 0.829065 229.639 137.071 0.993692 
124.973 136.266 210.157 328.947 0.546157 
144.955 129.301 191.903 240.297 0.11598 
-1 -1 -1 -1 -1 
-1 -1 -1 -1 -1 
-1 -1 -1 -1 -1 
-1 -1 -1 -1 -1 
-1 -1 -1 -1 -1 
-1 -1 -1 -1 -1 
-1 -1 -1 -1 -1 
105.329 63.858 248.804 231.335 0.938759 
98.5034 202.836 260.852 345.686 0.807222 
-1 -1 -1 -1 -1 
-1 -1 -1 -1 -1 
-1 -1 -1 -1 -1 
-1 -1 -1 -1 -1 
-1 -1 -1 -1 -1 
-1 -1 -1 -1 -1 
-1 -1 -1 -1 -1 
-1 -1 -1 -1 -1 
52.3633 39.1962 303.605 261.344 0.998012 
-1 -1 -1 -1 -1 
-1 -1 -1 -1 -1 
-1 -1 -1 -1 -1 
-1 -1 -1 -1 -1 
-1 -1 -1 -1 -1 
-1 -1 -1 -1 -1 
-1 -1 -1 -1 -1 
-1 -1 -1 -1 -1 
-1 -1 -1 -1 -1 
115.079 14.9379 241.783 116.35 0.991552 
139.253 111.262 228.805 298.536 0.37208 
-1 -1 -1 -1 -1 
-1 -1 -1 -1 -1 
-1 -1 -1 -1 -1 
-1 -1 -1 -1 -1 
-1 -1 -1 -1 -1 
-1 -1 -1 -1 -1 
-1 -1 -1 -1 -1 
-1 -1 -1 -1 -1 
110.243 22.8312 252.496 154.397 0.986334 
98.6374 140.234 228.013 297.77 0.43819 
-1 -1 -1 -1 -1 
-1 -1 -1 -1 -1 
-1 -1 -1 -1 -1 
-1 -1 -1 -1 -1 
-1 -1 -1 -1 -1 
-1 -1 -1 -1 -1 
-1 -1 -1 -1 -1 
-1 -1 -1 -1 -1 
95.5653 20.2923 279.261 168.94 0.963197 
131.853 166.903 238.471 334.457 0.75224 
-1 -1 -1 -1 -1 
-1 -1 -1 -1 -1 
-1 -1 -1 -1 -1 
-1 -1 -1 -1 -1 
-1 -1 -1 -1 -1 
-1 -1 -1 -1 -1 
-1 -1 -1 -1 -1 
-1 -1 -1 -1 -1 
145.081 131.197 211.438 231.599 0.843154 
144.355 60.6091 210.988 142.777 0.494269 
126.162 230.484 208.785 339.569 0.140673 
-1 -1 -1 -1 -1 
-1 -1 -1 -1 -1 
-1 -1 -1 -1 -1 
-1 -1 -1 -1 -1 
-1 -1 -1 -1 -1 
-1 -1 -1 -1 -1 
-1 -1 -1 -1 -1 
87.0798 119.83 343.692 331.132 0.948989 
83.944 0.0 308.024 151.833 0.453085 
88.1951 43.8797 316.209 178.331 0.390908 
80.7296 126.79 310.439 302.048 0.177558 
-1 -1 -1 -1 -1 
-1 -1 -1 -1 -1 
-1 -1 -1 -1 -1 
-1 -1 -1 -1 -1 
-1 -1 -1 -1 -1 
-1 -1 -1 -1 -1 
113.148 12.8099 235.57 207.914 0.98676 
111.864 30.5507 242.255 198.705 0.441529 
142.335 202.045 203.097 326.259 0.195757 
163.729 176.091 328.205 336.203 0.118649 
-1 -1 -1 -1 -1 
-1 -1 -1 -1 -1 
-1 -1 -1 -1 -1 
-1 -1 -1 -1 -1 
-1 -1 -1 -1 -1 
-1 -1 -1 -1 -1 
155.487 26.6971 273.249 128.256 0.963218 
176.731 118.54 261.407 325.817 0.960171 
-1 -1 -1 -1 -1 
-1 -1 -1 -1 -1 
-1 -1 -1 -1 -1 
-1 -1 -1 -1 -1 
-1 -1 -1 -1 -1 
-1 -1 -1 -1 -1 
-1 -1 -1 -1 -1 
-1 -1 -1 -1 -1 
64.5855 25.5804 278.707 146.725 0.911088 
59.0236 87.6569 299.482 260.62 0.503102 
38.4098 126.186 290.598 317.861 0.11964 
70.2267 117.61 235.43 186.396 0.107627 
-1 -1 -1 -1 -1 
-1 -1 -1 -1 -1 
-1 -1 -1 -1 -1 
-1 -1 -1 -1 -1 
-1 -1 -1 -1 -1 
-1 -1 -1 -1 -1 
79.9826 53.4815 302.359 280.961 0.989694 
91.2967 245.968 297.785 296.724 0.182163 
69.3012 9.56784 312.998 283.51 0.175587 
-1 -1 -1 -1 -1 
-1 -1 -1 -1 -1 
-1 -1 -1 -1 -1 
-1 -1 -1 -1 -1 
-1 -1 -1 -1 -1 
-1 -1 -1 -1 -1 
-1 -1 -1 -1 -1 
