1440
5
12.134 10.308 340.061 321.496 0.999072 
140.896 0.0 341.277 318.841 0.246414 
15.1966 0.0 198.902 326.868 0.141114 
-1 -1 -1 -1 -1 
-1 -1 -1 -1 -1 
-1 -1 -1 -1 -1 
-1 -1 -1 -1 -1 
-1 -1 -1 -1 -1 
-1 -1 -1 -1 -1 
-1 -1 -1 -1 -1 
105.688 13.6021 244.584 196.112 0.985216 
98.4886 191.887 167.98 327.043 0.377073 
173.561 182.856 249.437 332.136 0.209184 
-1 -1 -1 -1 -1 
-1 -1 -1 -1 -1 
-1 -1 -1 -1 -1 
-1 -1 -1 -1 -1 
-1 -1 -1 -1 -1 
-1 -1 -1 -1 -1 
-1 -1 -1 -1 -1 
106.364 19.8195 263.762 225.636 0.992103 
29.557 9.35105 138.472 321.507 0.741122 
202.486 64.3649 270.289 220.857 0.209648 
-1 -1 -1 -1 -1 
-1 -1 -1 -1 -1 
-1 -1 -1 -1 -1 
-1 -1 -1 -1 -1 
-1 -1 -1 -1 -1 
-1 -1 -1 -1 -1 
-1 -1 -1 -1 -1 
142.451 18.4636 337.817 260.809 0.999406 
11.3118 106.663 181.796 334.174 0.998186 
234.844 23.3178 338.628 268.818 0.265602 
-1 -1 -1 -1 -1 
-1 -1 -1 -1 -1 
-1 -1 -1 -1 -1 
-1 -1 -1 -1 -1 
-1 -1 -1 -1 -1 
-1 -1 -1 -1 -1 
-1 -1 -1 -1 -1 
28.6024 12.4616 320.568 338.325 0.986055 
154.375 21.3059 314.795 335.401 0.890253 
20.8784 114.011 197.024 335.485 0.370812 
-1 -1 -1 -1 -1 
-1 -1 -1 -1 -1 
-1 -1 -1 -1 -1 
-1 -1 -1 -1 -1 
-1 -1 -1 -1 -1 
-1 -1 -1 -1 -1 
-1 -1 -1 -1 -1 
53.7891 11.7722 303.964 337.14 0.999539 
179.898 38.0561 306.48 349.0 0.223373 
138.867 48.1238 223.239 333.231 0.154254 
-1 -1 -1 -1 -1 
-1 -1 -1 -1 -1 
-1 -1 -1 -1 -1 
-1 -1 -1 -1 -1 
-1 -1 -1 -1 -1 
-1 -1 -1 -1 -1 
-1 -1 -1 -1 -1 
93.4684 52.5745 249.231 231.884 0.98957 
85.0562 66.2602 250.334 229.434 0.205204 
10.1124 61.0828 160.317 344.588 0.160677 
-1 -1 -1 -1 -1 
-1 -1 -1 -1 -1 
-1 -1 -1 -1 -1 
-1 -1 -1 -1 -1 
-1 -1 -1 -1 -1 
-1 -1 -1 -1 -1 
-1 -1 -1 -1 -1 
33.7171 20.2536 313.189 343.323 0.998674 
161.167 10.6599 306.501 342.231 0.120473 
30.6649 0.0 192.521 340.258 0.112151 
-1 -1 -1 -1 -1 
-1 -1 -1 -1 -1 
-1 -1 -1 -1 -1 
-1 -1 -1 -1 -1 
-1 -1 -1 -1 -1 
-1 -1 -1 -1 -1 
-1 -1 -1 -1 -1 
104.222 10.8452 237.102 199.379 0.994878 
103.759 182.215 166.219 288.509 0.177215 
-1 -1 -1 -1 -1 
-1 -1 -1 -1 -1 
-1 -1 -1 -1 -1 
-1 -1 -1 -1 -1 
-1 -1 -1 -1 -1 
-1 -1 -1 -1 -1 
-1 -1 -1 -1 -1 
-1 -1 -1 -1 -1 
30.4057 18.3917 151.372 215.461 0.998073 
208.388 24.9894 323.712 216.991 0.98126 
-1 -1 -1 -1 -1 
-1 -1 -1 -1 -1 
-1 -1 -1 -1 -1 
-1 -1 -1 -1 -1 
-1 -1 -1 -1 -1 
-1 -1 -1 -1 -1 
-1 -1 -1 -1 -1 
-1 -1 -1 -1 -1 
22.3181 27.6373 134.707 209.397 0.991172 
216.606 27.9223 326.697 214.558 0.983793 
31.3682 0.0 308.069 184.721 0.328927 
38.734 155.749 126.9 209.181 0.263918 
222.37 125.261 322.173 318.273 0.142711 
255.085 185.141 323.795 215.277 0.102437 
-1 -1 -1 -1 -1 
-1 -1 -1 -1 -1 
-1 -1 -1 -1 -1 
-1 -1 -1 -1 -1 
97.4471 74.9386 255.003 280.839 0.998163 
93.2602 0.0 266.365 84.7123 0.192098 
-1 -1 -1 -1 -1 
-1 -1 -1 -1 -1 
-1 -1 -1 -1 -1 
-1 -1 -1 -1 -1 
-1 -1 -1 -1 -1 
-1 -1 -1 -1 -1 
-1 -1 -1 -1 -1 
-1 -1 -1 -1 -1 
35.82 24.4926 309.01 339.259 0.999385 
170.75 52.4833 315.427 337.036 0.164785 
37.6919 0.0 181.241 335.336 0.122619 
-1 -1 -1 -1 -1 
-1 -1 -1 -1 -1 
-1 -1 -1 -1 -1 
-1 -1 -1 -1 -1 
-1 -1 -1 -1 -1 
-1 -1 -1 -1 -1 
-1 -1 -1 -1 -1 
102.069 38.2351 252.972 281.055 0.998057 
-1 -1 -1 -1 -1 
-1 -1 -1 -1 -1 
-1 -1 -1 -1 -1 
-1 -1 -1 -1 -1 
-1 -1 -1 -1 -1 
-1 -1 -1 -1 -1 
-1 -1 -1 -1 -1 
-1 -1 -1 -1 -1 
-1 -1 -1 -1 -1 
56.2154 3.01326 289.318 346.026 0.999498 
160.497 13.3357 291.243 339.949 0.190638 
-1 -1 -1 -1 -1 
-1 -1 -1 -1 -1 
-1 -1 -1 -1 -1 
-1 -1 -1 -1 -1 
-1 -1 -1 -1 -1 
-1 -1 -1 -1 -1 
-1 -1 -1 -1 -1 
-1 -1 -1 -1 -1 
39.9856 16.4244 304.49 349.0 0.998871 
182.271 33.5426 311.519 349.0 0.296799 
-1 -1 -1 -1 -1 
-1 -1 -1 -1 -1 
-1 -1 -1 -1 -1 
-1 -1 -1 -1 -1 
-1 -1 -1 -1 -1 
-1 -1 -1 -1 -1 
-1 -1 -1 -1 -1 
-1 -1 -1 -1 -1 
47.7421 26.9131 288.665 322.698 0.998781 
149.957 87.0657 299.265 317.987 0.455065 
51.3658 0.0 192.055 322.796 0.15583 
-1 -1 -1 -1 -1 
-1 -1 -1 -1 -1 
-1 -1 -1 -1 -1 
-1 -1 -1 -1 -1 
-1 -1 -1 -1 -1 
-1 -1 -1 -1 -1 
-1 -1 -1 -1 -1 
52.2195 32.7361 294.513 344.638 0.998421 
136.604 68.1893 313.449 348.651 0.243132 
41.7154 78.4614 185.724 347.775 0.123716 
-1 -1 -1 -1 -1 
-1 -1 -1 -1 -1 
-1 -1 -1 -1 -1 
-1 -1 -1 -1 -1 
-1 -1 -1 -1 -1 
-1 -1 -1 -1 -1 
-1 -1 -1 -1 -1 
200.853 38.3562 334.771 216.179 0.998289 
38.8741 36.7171 175.156 216.155 0.994647 
56.1938 270.006 182.412 327.941 0.346117 
163.597 27.2513 274.26 319.294 0.16544 
275.791 62.2441 319.622 218.486 0.137105 
-1 -1 -1 -1 -1 
-1 -1 -1 -1 -1 
-1 -1 -1 -1 -1 
-1 -1 -1 -1 -1 
-1 -1 -1 -1 -1 
32.1395 11.5767 322.315 344.944 0.999859 
32.332 0.0 193.49 345.022 0.200923 
162.184 25.0636 325.299 345.363 0.159081 
-1 -1 -1 -1 -1 
-1 -1 -1 -1 -1 
-1 -1 -1 -1 -1 
-1 -1 -1 -1 -1 
-1 -1 -1 -1 -1 
-1 -1 -1 -1 -1 
-1 -1 -1 -1 -1 
93.017 34.8119 291.696 322.744 0.998874 
-1 -1 -1 -1 -1 
-1 -1 -1 -1 -1 
-1 -1 -1 -1 -1 
-1 -1 -1 -1 -1 
-1 -1 -1 -1 -1 
-1 -1 -1 -1 -1 
-1 -1 -1 -1 -1 
-1 -1 -1 -1 -1 
-1 -1 -1 -1 -1 
99.3427 14.3229 246.165 179.266 0.9768 
99.4453 169.673 149.001 323.663 0.321307 
92.9619 164.619 253.619 306.818 0.264257 
114.679 149.211 173.481 177.206 0.220754 
103.829 127.559 233.608 186.47 0.21185 
-1 -1 -1 -1 -1 
-1 -1 -1 -1 -1 
-1 -1 -1 -1 -1 
-1 -1 -1 -1 -1 
-1 -1 -1 -1 -1 
69.921 96.8125 297.969 331.813 0.995979 
62.3547 74.0642 195.173 319.103 0.788602 
164.282 96.1118 273.265 320.043 0.450765 
-1 -1 -1 -1 -1 
-1 -1 -1 -1 -1 
-1 -1 -1 -1 -1 
-1 -1 -1 -1 -1 
-1 -1 -1 -1 -1 
-1 -1 -1 -1 -1 
-1 -1 -1 -1 -1 
28.2505 58.1871 316.673 306.753 0.996666 
151.922 30.1062 320.182 308.424 0.307256 
22.3026 4.01377 202.01 308.795 0.116329 
-1 -1 -1 -1 -1 
-1 -1 -1 -1 -1 
-1 -1 -1 -1 -1 
-1 -1 -1 -1 -1 
-1 -1 -1 -1 -1 
-1 -1 -1 -1 -1 
-1 -1 -1 -1 -1 
61.9484 18.0087 287.314 339.779 0.998664 
-1 -1 -1 -1 -1 
-1 -1 -1 -1 -1 
-1 -1 -1 -1 -1 
-1 -1 -1 -1 -1 
-1 -1 -1 -1 -1 
-1 -1 -1 -1 -1 
-1 -1 -1 -1 -1 
-1 -1 -1 -1 -1 
-1 -1 -1 -1 -1 
30.2582 34.5148 317.556 336.046 0.99925 
146.398 34.7599 315.419 339.109 0.197846 
33.3581 12.3679 193.849 331.361 0.180068 
-1 -1 -1 -1 -1 
-1 -1 -1 -1 -1 
-1 -1 -1 -1 -1 
-1 -1 -1 -1 -1 
-1 -1 -1 -1 -1 
-1 -1 -1 -1 -1 
-1 -1 -1 -1 -1 
57.7412 76.4581 286.023 317.434 0.99928 
-1 -1 -1 -1 -1 
-1 -1 -1 -1 -1 
-1 -1 -1 -1 -1 
-1 -1 -1 -1 -1 
-1 -1 -1 -1 -1 
-1 -1 -1 -1 -1 
-1 -1 -1 -1 -1 
-1 -1 -1 -1 -1 
-1 -1 -1 -1 -1 
55.1127 21.2639 289.45 327.222 0.998559 
-1 -1 -1 -1 -1 
-1 -1 -1 -1 -1 
-1 -1 -1 -1 -1 
-1 -1 -1 -1 -1 
-1 -1 -1 -1 -1 
-1 -1 -1 -1 -1 
-1 -1 -1 -1 -1 
-1 -1 -1 -1 -1 
-1 -1 -1 -1 -1 
31.568 31.0239 311.509 335.808 0.998239 
165.14 33.7377 314.689 333.186 0.200766 
-1 -1 -1 -1 -1 
-1 -1 -1 -1 -1 
-1 -1 -1 -1 -1 
-1 -1 -1 -1 -1 
-1 -1 -1 -1 -1 
-1 -1 -1 -1 -1 
-1 -1 -1 -1 -1 
-1 -1 -1 -1 -1 
30.1794 28.2983 314.788 324.922 0.999466 
35.4586 16.2618 220.718 322.326 0.183923 
-1 -1 -1 -1 -1 
-1 -1 -1 -1 -1 
-1 -1 -1 -1 -1 
-1 -1 -1 -1 -1 
-1 -1 -1 -1 -1 
-1 -1 -1 -1 -1 
-1 -1 -1 -1 -1 
-1 -1 -1 -1 -1 
109.186 13.3313 236.766 141.514 0.996695 
-1 -1 -1 -1 -1 
-1 -1 -1 -1 -1 
-1 -1 -1 -1 -1 
-1 -1 -1 -1 -1 
-1 -1 -1 -1 -1 
-1 -1 -1 -1 -1 
-1 -1 -1 -1 -1 
-1 -1 -1 -1 -1 
-1 -1 -1 -1 -1 
49.4232 35.8405 298.65 331.819 0.998936 
50.7624 78.362 217.288 334.528 0.592045 
159.803 22.8367 317.11 338.245 0.167268 
-1 -1 -1 -1 -1 
-1 -1 -1 -1 -1 
-1 -1 -1 -1 -1 
-1 -1 -1 -1 -1 
-1 -1 -1 -1 -1 
-1 -1 -1 -1 -1 
-1 -1 -1 -1 -1 
72.1388 23.7491 291.135 298.833 0.998652 
77.0752 17.4223 179.759 319.404 0.407129 
161.252 27.1437 269.915 320.862 0.303096 
-1 -1 -1 -1 -1 
-1 -1 -1 -1 -1 
-1 -1 -1 -1 -1 
-1 -1 -1 -1 -1 
-1 -1 -1 -1 -1 
-1 -1 -1 -1 -1 
-1 -1 -1 -1 -1 
54.7206 19.2632 292.887 328.799 0.997881 
56.103 0.0 206.066 330.703 0.217105 
164.69 99.8487 295.748 328.575 0.119729 
-1 -1 -1 -1 -1 
-1 -1 -1 -1 -1 
-1 -1 -1 -1 -1 
-1 -1 -1 -1 -1 
-1 -1 -1 -1 -1 
-1 -1 -1 -1 -1 
-1 -1 -1 -1 -1 
121.089 19.5457 238.033 171.428 0.995506 
122.143 154.094 237.137 277.82 0.286785 
46.2664 131.691 209.986 279.566 0.166906 
47.4694 260.805 209.359 328.999 0.161823 
-1 -1 -1 -1 -1 
-1 -1 -1 -1 -1 
-1 -1 -1 -1 -1 
-1 -1 -1 -1 -1 
-1 -1 -1 -1 -1 
-1 -1 -1 -1 -1 
41.791 5.12267 286.397 306.078 0.998928 
44.4464 1.58091 153.439 311.951 0.206948 
155.545 0.0 282.845 320.142 0.137414 
-1 -1 -1 -1 -1 
-1 -1 -1 -1 -1 
-1 -1 -1 -1 -1 
-1 -1 -1 -1 -1 
-1 -1 -1 -1 -1 
-1 -1 -1 -1 -1 
-1 -1 -1 -1 -1 
41.4944 10.1157 271.25 286.764 0.998939 
72.1542 60.8471 153.195 315.992 0.356861 
152.985 0.0 252.018 330.78 0.191076 
82.3883 109.199 250.353 216.242 0.131168 
103.929 27.3814 276.851 136.48 0.10413 
-1 -1 -1 -1 -1 
-1 -1 -1 -1 -1 
-1 -1 -1 -1 -1 
-1 -1 -1 -1 -1 
-1 -1 -1 -1 -1 
62.3685 43.4906 268.388 331.092 0.99926 
-1 -1 -1 -1 -1 
-1 -1 -1 -1 -1 
-1 -1 -1 -1 -1 
-1 -1 -1 -1 -1 
-1 -1 -1 -1 -1 
-1 -1 -1 -1 -1 
-1 -1 -1 -1 -1 
-1 -1 -1 -1 -1 
-1 -1 -1 -1 -1 
112.696 67.3673 248.44 234.059 0.997365 
230.743 22.7593 349.0 349.0 0.178325 
-1 -1 -1 -1 -1 
-1 -1 -1 -1 -1 
-1 -1 -1 -1 -1 
-1 -1 -1 -1 -1 
-1 -1 -1 -1 -1 
-1 -1 -1 -1 -1 
-1 -1 -1 -1 -1 
-1 -1 -1 -1 -1 
45.027 9.94314 165.672 172.209 0.988672 
172.274 30.4669 268.19 185.308 0.954281 
58.5181 155.102 155.346 299.542 0.865381 
160.983 157.72 275.603 216.647 0.757421 
177.105 219.986 248.691 287.199 0.352582 
174.967 192.448 260.935 209.75 0.130626 
-1 -1 -1 -1 -1 
-1 -1 -1 -1 -1 
-1 -1 -1 -1 -1 
-1 -1 -1 -1 -1 
112.961 17.3873 240.451 180.037 0.980679 
119.357 160.244 192.231 313.502 0.261727 
-1 -1 -1 -1 -1 
-1 -1 -1 -1 -1 
-1 -1 -1 -1 -1 
-1 -1 -1 -1 -1 
-1 -1 -1 -1 -1 
-1 -1 -1 -1 -1 
-1 -1 -1 -1 -1 
-1 -1 -1 -1 -1 
46.5168 37.7374 298.446 316.196 0.999025 
50.3113 22.7772 172.669 310.038 0.304431 
-1 -1 -1 -1 -1 
-1 -1 -1 -1 -1 
-1 -1 -1 -1 -1 
-1 -1 -1 -1 -1 
-1 -1 -1 -1 -1 
-1 -1 -1 -1 -1 
-1 -1 -1 -1 -1 
-1 -1 -1 -1 -1 
114.084 5.945 265.351 226.015 0.997063 
-1 -1 -1 -1 -1 
-1 -1 -1 -1 -1 
-1 -1 -1 -1 -1 
-1 -1 -1 -1 -1 
-1 -1 -1 -1 -1 
-1 -1 -1 -1 -1 
-1 -1 -1 -1 -1 
-1 -1 -1 -1 -1 
-1 -1 -1 -1 -1 
43.7935 15.8608 290.605 328.582 0.998482 
166.503 0.0 294.076 331.714 0.290777 
-1 -1 -1 -1 -1 
-1 -1 -1 -1 -1 
-1 -1 -1 -1 -1 
-1 -1 -1 -1 -1 
-1 -1 -1 -1 -1 
-1 -1 -1 -1 -1 
-1 -1 -1 -1 -1 
-1 -1 -1 -1 -1 
120.371 59.9121 234.553 245.955 0.997542 
178.174 54.4312 325.042 310.639 0.548052 
200.511 81.402 316.787 328.285 0.294657 
42.5103 14.5452 143.488 278.38 0.262088 
43.0561 11.7082 172.885 63.3638 0.232067 
-1 -1 -1 -1 -1 
-1 -1 -1 -1 -1 
-1 -1 -1 -1 -1 
-1 -1 -1 -1 -1 
-1 -1 -1 -1 -1 
27.2589 38.633 337.505 347.64 0.996294 
177.17 95.7236 343.119 337.916 0.9376 
35.2978 91.4743 196.82 333.902 0.930623 
-1 -1 -1 -1 -1 
-1 -1 -1 -1 -1 
-1 -1 -1 -1 -1 
-1 -1 -1 -1 -1 
-1 -1 -1 -1 -1 
-1 -1 -1 -1 -1 
-1 -1 -1 -1 -1 
77.7884 33.3906 282.909 231.869 0.997575 
-1 -1 -1 -1 -1 
-1 -1 -1 -1 -1 
-1 -1 -1 -1 -1 
-1 -1 -1 -1 -1 
-1 -1 -1 -1 -1 
-1 -1 -1 -1 -1 
-1 -1 -1 -1 -1 
-1 -1 -1 -1 -1 
-1 -1 -1 -1 -1 
37.3768 13.808 312.89 343.223 0.998299 
178.061 0.0 315.592 340.502 0.266489 
38.2026 0.0 182.157 337.319 0.181759 
-1 -1 -1 -1 -1 
-1 -1 -1 -1 -1 
-1 -1 -1 -1 -1 
-1 -1 -1 -1 -1 
-1 -1 -1 -1 -1 
-1 -1 -1 -1 -1 
-1 -1 -1 -1 -1 
97.0063 54.4251 257.897 251.706 0.986894 
115.774 241.618 179.576 349.0 0.101724 
-1 -1 -1 -1 -1 
-1 -1 -1 -1 -1 
-1 -1 -1 -1 -1 
-1 -1 -1 -1 -1 
-1 -1 -1 -1 -1 
-1 -1 -1 -1 -1 
-1 -1 -1 -1 -1 
-1 -1 -1 -1 -1 
37.362 25.106 206.428 183.963 0.993624 
197.573 64.7887 322.262 139.412 0.944428 
227.652 0.0 325.634 81.0122 0.814823 
77.7606 159.953 314.616 315.651 0.439819 
63.4832 176.739 155.898 328.447 0.269039 
211.518 70.9606 245.161 140.058 0.14066 
229.489 132.601 296.042 265.718 0.136748 
-1 -1 -1 -1 -1 
-1 -1 -1 -1 -1 
-1 -1 -1 -1 -1 
97.1267 14.9078 258.334 184.033 0.994916 
84.3881 173.53 247.03 331.217 0.230137 
183.599 60.6732 244.677 187.1 0.106044 
-1 -1 -1 -1 -1 
-1 -1 -1 -1 -1 
-1 -1 -1 -1 -1 
-1 -1 -1 -1 -1 
-1 -1 -1 -1 -1 
-1 -1 -1 -1 -1 
-1 -1 -1 -1 -1 
111.059 8.50365 232.793 146.672 0.99373 
-1 -1 -1 -1 -1 
-1 -1 -1 -1 -1 
-1 -1 -1 -1 -1 
-1 -1 -1 -1 -1 
-1 -1 -1 -1 -1 
-1 -1 -1 -1 -1 
-1 -1 -1 -1 -1 
-1 -1 -1 -1 -1 
-1 -1 -1 -1 -1 
44.9748 12.7753 296.643 323.044 0.998782 
164.3 75.5566 303.169 323.503 0.506486 
44.2403 34.9206 180.715 326.885 0.397992 
-1 -1 -1 -1 -1 
-1 -1 -1 -1 -1 
-1 -1 -1 -1 -1 
-1 -1 -1 -1 -1 
-1 -1 -1 -1 -1 
-1 -1 -1 -1 -1 
-1 -1 -1 -1 -1 
41.8368 49.3755 291.488 324.456 0.998294 
48.1563 18.7201 184.422 328.255 0.205302 
-1 -1 -1 -1 -1 
-1 -1 -1 -1 -1 
-1 -1 -1 -1 -1 
-1 -1 -1 -1 -1 
-1 -1 -1 -1 -1 
-1 -1 -1 -1 -1 
-1 -1 -1 -1 -1 
-1 -1 -1 -1 -1 
105.766 70.6178 257.255 238.632 0.998295 
-1 -1 -1 -1 -1 
-1 -1 -1 -1 -1 
-1 -1 -1 -1 -1 
-1 -1 -1 -1 -1 
-1 -1 -1 -1 -1 
-1 -1 -1 -1 -1 
-1 -1 -1 -1 -1 
-1 -1 -1 -1 -1 
-1 -1 -1 -1 -1 
96.4975 29.3554 248.915 207.817 0.997301 
-1 -1 -1 -1 -1 
-1 -1 -1 -1 -1 
-1 -1 -1 -1 -1 
-1 -1 -1 -1 -1 
-1 -1 -1 -1 -1 
-1 -1 -1 -1 -1 
-1 -1 -1 -1 -1 
-1 -1 -1 -1 -1 
-1 -1 -1 -1 -1 
106.251 9.7362 255.452 239.953 0.9981 
-1 -1 -1 -1 -1 
-1 -1 -1 -1 -1 
-1 -1 -1 -1 -1 
-1 -1 -1 -1 -1 
-1 -1 -1 -1 -1 
-1 -1 -1 -1 -1 
-1 -1 -1 -1 -1 
-1 -1 -1 -1 -1 
-1 -1 -1 -1 -1 
38.8255 17.4519 306.924 326.216 0.999351 
166.376 0.0 311.501 327.558 0.40302 
-1 -1 -1 -1 -1 
-1 -1 -1 -1 -1 
-1 -1 -1 -1 -1 
-1 -1 -1 -1 -1 
-1 -1 -1 -1 -1 
-1 -1 -1 -1 -1 
-1 -1 -1 -1 -1 
-1 -1 -1 -1 -1 
100.703 25.9274 227.575 205.814 0.993968 
-1 -1 -1 -1 -1 
-1 -1 -1 -1 -1 
-1 -1 -1 -1 -1 
-1 -1 -1 -1 -1 
-1 -1 -1 -1 -1 
-1 -1 -1 -1 -1 
-1 -1 -1 -1 -1 
-1 -1 -1 -1 -1 
-1 -1 -1 -1 -1 
103.634 20.7349 246.245 165.582 0.994322 
123.773 160.957 236.033 292.388 0.233441 
-1 -1 -1 -1 -1 
-1 -1 -1 -1 -1 
-1 -1 -1 -1 -1 
-1 -1 -1 -1 -1 
-1 -1 -1 -1 -1 
-1 -1 -1 -1 -1 
-1 -1 -1 -1 -1 
-1 -1 -1 -1 -1 
35.3945 16.6864 321.526 348.277 0.998293 
38.8164 35.6111 176.692 341.357 0.689675 
154.196 29.1713 309.394 344.525 0.626365 
-1 -1 -1 -1 -1 
-1 -1 -1 -1 -1 
-1 -1 -1 -1 -1 
-1 -1 -1 -1 -1 
-1 -1 -1 -1 -1 
-1 -1 -1 -1 -1 
-1 -1 -1 -1 -1 
111.916 16.7539 239.807 220.22 0.996441 
-1 -1 -1 -1 -1 
-1 -1 -1 -1 -1 
-1 -1 -1 -1 -1 
-1 -1 -1 -1 -1 
-1 -1 -1 -1 -1 
-1 -1 -1 -1 -1 
-1 -1 -1 -1 -1 
-1 -1 -1 -1 -1 
-1 -1 -1 -1 -1 
40.0437 14.2051 305.639 333.136 0.999422 
-1 -1 -1 -1 -1 
-1 -1 -1 -1 -1 
-1 -1 -1 -1 -1 
-1 -1 -1 -1 -1 
-1 -1 -1 -1 -1 
-1 -1 -1 -1 -1 
-1 -1 -1 -1 -1 
-1 -1 -1 -1 -1 
-1 -1 -1 -1 -1 
26.906 23.2667 293.435 322.608 0.972783 
24.9907 117.472 257.529 309.28 0.249199 
-1 -1 -1 -1 -1 
-1 -1 -1 -1 -1 
-1 -1 -1 -1 -1 
-1 -1 -1 -1 -1 
-1 -1 -1 -1 -1 
-1 -1 -1 -1 -1 
-1 -1 -1 -1 -1 
-1 -1 -1 -1 -1 
8.99627 36.1738 334.589 320.793 0.995266 
22.1217 63.7026 183.933 303.181 0.802971 
127.892 29.7351 349.0 153.49 0.34704 
177.161 165.75 344.007 324.433 0.340461 
179.228 38.0003 344.212 310.107 0.289284 
120.911 120.851 247.586 302.961 0.210745 
21.1545 139.213 175.925 311.502 0.186089 
-1 -1 -1 -1 -1 
-1 -1 -1 -1 -1 
-1 -1 -1 -1 -1 
59.1397 22.1939 294.68 231.141 0.997497 
168.499 218.985 281.234 349.0 0.129302 
-1 -1 -1 -1 -1 
-1 -1 -1 -1 -1 
-1 -1 -1 -1 -1 
-1 -1 -1 -1 -1 
-1 -1 -1 -1 -1 
-1 -1 -1 -1 -1 
-1 -1 -1 -1 -1 
-1 -1 -1 -1 -1 
107.304 20.7856 209.171 230.459 0.996062 
-1 -1 -1 -1 -1 
-1 -1 -1 -1 -1 
-1 -1 -1 -1 -1 
-1 -1 -1 -1 -1 
-1 -1 -1 -1 -1 
-1 -1 -1 -1 -1 
-1 -1 -1 -1 -1 
-1 -1 -1 -1 -1 
-1 -1 -1 -1 -1 
63.4914 81.2168 250.122 238.541 0.995998 
54.1929 0.0 245.07 103.977 0.581315 
63.7434 0.883502 251.527 90.8894 0.174383 
-1 -1 -1 -1 -1 
-1 -1 -1 -1 -1 
-1 -1 -1 -1 -1 
-1 -1 -1 -1 -1 
-1 -1 -1 -1 -1 
-1 -1 -1 -1 -1 
-1 -1 -1 -1 -1 
42.6305 41.2688 319.972 279.345 0.998624 
-1 -1 -1 -1 -1 
-1 -1 -1 -1 -1 
-1 -1 -1 -1 -1 
-1 -1 -1 -1 -1 
-1 -1 -1 -1 -1 
-1 -1 -1 -1 -1 
-1 -1 -1 -1 -1 
-1 -1 -1 -1 -1 
-1 -1 -1 -1 -1 
46.0876 55.9751 300.141 282.126 0.994985 
137.012 68.2161 216.61 275.432 0.131328 
-1 -1 -1 -1 -1 
-1 -1 -1 -1 -1 
-1 -1 -1 -1 -1 
-1 -1 -1 -1 -1 
-1 -1 -1 -1 -1 
-1 -1 -1 -1 -1 
-1 -1 -1 -1 -1 
-1 -1 -1 -1 -1 
23.8433 19.7459 297.963 296.526 0.998401 
-1 -1 -1 -1 -1 
-1 -1 -1 -1 -1 
-1 -1 -1 -1 -1 
-1 -1 -1 -1 -1 
-1 -1 -1 -1 -1 
-1 -1 -1 -1 -1 
-1 -1 -1 -1 -1 
-1 -1 -1 -1 -1 
-1 -1 -1 -1 -1 
70.4683 47.6332 291.76 253.996 0.990611 
92.4043 6.49371 276.265 131.183 0.904406 
52.8096 0.0 293.224 159.837 0.203387 
137.512 219.415 338.847 335.077 0.188778 
-1 -1 -1 -1 -1 
-1 -1 -1 -1 -1 
-1 -1 -1 -1 -1 
-1 -1 -1 -1 -1 
-1 -1 -1 -1 -1 
-1 -1 -1 -1 -1 
104.896 125.93 250.471 232.568 0.98223 
107.921 1.36388 250.08 141.365 0.772619 
17.8167 63.4737 139.768 282.24 0.454933 
76.2513 24.5479 128.104 243.564 0.218708 
121.32 18.6221 258.944 141.484 0.122783 
-1 -1 -1 -1 -1 
-1 -1 -1 -1 -1 
-1 -1 -1 -1 -1 
-1 -1 -1 -1 -1 
-1 -1 -1 -1 -1 
131.74 29.7007 252.188 141.071 0.972764 
101.066 125.873 227.814 326.005 0.395951 
-1 -1 -1 -1 -1 
-1 -1 -1 -1 -1 
-1 -1 -1 -1 -1 
-1 -1 -1 -1 -1 
-1 -1 -1 -1 -1 
-1 -1 -1 -1 -1 
-1 -1 -1 -1 -1 
-1 -1 -1 -1 -1 
78.8522 31.1153 295.397 254.999 0.998488 
-1 -1 -1 -1 -1 
-1 -1 -1 -1 -1 
-1 -1 -1 -1 -1 
-1 -1 -1 -1 -1 
-1 -1 -1 -1 -1 
-1 -1 -1 -1 -1 
-1 -1 -1 -1 -1 
-1 -1 -1 -1 -1 
-1 -1 -1 -1 -1 
123.968 22.1245 220.755 201.829 0.992308 
-1 -1 -1 -1 -1 
-1 -1 -1 -1 -1 
-1 -1 -1 -1 -1 
-1 -1 -1 -1 -1 
-1 -1 -1 -1 -1 
-1 -1 -1 -1 -1 
-1 -1 -1 -1 -1 
-1 -1 -1 -1 -1 
-1 -1 -1 -1 -1 
89.6055 73.9152 253.425 236.797 0.982628 
77.6119 207.965 221.113 339.649 0.926842 
-1 -1 -1 -1 -1 
-1 -1 -1 -1 -1 
-1 -1 -1 -1 -1 
-1 -1 -1 -1 -1 
-1 -1 -1 -1 -1 
-1 -1 -1 -1 -1 
-1 -1 -1 -1 -1 
-1 -1 -1 -1 -1 
109.156 22.7554 234.708 93.6523 0.971847 
174.413 44.9022 330.201 304.062 0.637139 
202.451 48.8963 341.296 304.116 0.60447 
93.3306 96.2488 201.539 300.921 0.488703 
166.109 214.35 330.588 311.497 0.363714 
154.387 92.5957 250.775 215.168 0.15508 
-1 -1 -1 -1 -1 
-1 -1 -1 -1 -1 
-1 -1 -1 -1 -1 
-1 -1 -1 -1 -1 
86.337 53.8901 185.889 180.397 0.98455 
172.879 78.4671 257.279 144.324 0.875612 
164.521 148.34 243.459 318.311 0.239608 
170.122 0.0 250.904 81.5442 0.177399 
136.061 125.587 198.912 179.535 0.101693 
-1 -1 -1 -1 -1 
-1 -1 -1 -1 -1 
-1 -1 -1 -1 -1 
-1 -1 -1 -1 -1 
-1 -1 -1 -1 -1 
11.7045 42.8761 346.065 315.666 0.998124 
190.524 6.58271 347.98 319.247 0.24187 
222.029 15.9433 325.089 173.952 0.110093 
-1 -1 -1 -1 -1 
-1 -1 -1 -1 -1 
-1 -1 -1 -1 -1 
-1 -1 -1 -1 -1 
-1 -1 -1 -1 -1 
-1 -1 -1 -1 -1 
-1 -1 -1 -1 -1 
188.29 48.2784 340.575 221.974 0.947209 
26.1376 31.9697 171.418 244.91 0.881567 
132.756 206.981 306.77 287.422 0.374672 
112.175 172.975 301.893 273.926 0.35648 
36.4813 58.1681 197.936 269.64 0.346189 
0.0 154.041 134.154 287.648 0.193399 
38.7791 55.2357 169.065 124.524 0.142882 
-1 -1 -1 -1 -1 
-1 -1 -1 -1 -1 
-1 -1 -1 -1 -1 
111.013 10.9027 220.779 90.7979 0.985126 
-1 -1 -1 -1 -1 
-1 -1 -1 -1 -1 
-1 -1 -1 -1 -1 
-1 -1 -1 -1 -1 
-1 -1 -1 -1 -1 
-1 -1 -1 -1 -1 
-1 -1 -1 -1 -1 
-1 -1 -1 -1 -1 
-1 -1 -1 -1 -1 
4.72941 31.6107 342.24 343.175 0.997329 
128.442 18.2088 338.943 342.568 0.507144 
12.6187 6.04622 198.08 341.753 0.457159 
-1 -1 -1 -1 -1 
-1 -1 -1 -1 -1 
-1 -1 -1 -1 -1 
-1 -1 -1 -1 -1 
-1 -1 -1 -1 -1 
-1 -1 -1 -1 -1 
-1 -1 -1 -1 -1 
122.931 22.5355 210.378 94.2737 0.974687 
121.854 89.0508 218.963 320.775 0.834686 
194.722 67.3976 349.0 291.341 0.226856 
11.6631 86.832 138.681 293.295 0.17512 
-1 -1 -1 -1 -1 
-1 -1 -1 -1 -1 
-1 -1 -1 -1 -1 
-1 -1 -1 -1 -1 
-1 -1 -1 -1 -1 
-1 -1 -1 -1 -1 
29.2762 52.8734 322.359 246.73 0.986882 
14.3024 175.66 329.17 315.656 0.105207 
-1 -1 -1 -1 -1 
-1 -1 -1 -1 -1 
-1 -1 -1 -1 -1 
-1 -1 -1 -1 -1 
-1 -1 -1 -1 -1 
-1 -1 -1 -1 -1 
-1 -1 -1 -1 -1 
-1 -1 -1 -1 -1 
33.835 16.3704 343.591 243.241 0.999465 
179.333 173.701 338.675 348.883 0.110082 
-1 -1 -1 -1 -1 
-1 -1 -1 -1 -1 
-1 -1 -1 -1 -1 
-1 -1 -1 -1 -1 
-1 -1 -1 -1 -1 
-1 -1 -1 -1 -1 
-1 -1 -1 -1 -1 
-1 -1 -1 -1 -1 
79.7211 45.1891 232.19 229.822 0.931628 
37.186 207.767 285.132 337.988 0.387305 
54.5933 4.04634 172.331 88.9654 0.302137 
-1 -1 -1 -1 -1 
-1 -1 -1 -1 -1 
-1 -1 -1 -1 -1 
-1 -1 -1 -1 -1 
-1 -1 -1 -1 -1 
-1 -1 -1 -1 -1 
-1 -1 -1 -1 -1 
88.2715 56.3116 262.024 261.215 0.996628 
97.2878 123.491 178.842 253.02 0.349059 
-1 -1 -1 -1 -1 
-1 -1 -1 -1 -1 
-1 -1 -1 -1 -1 
-1 -1 -1 -1 -1 
-1 -1 -1 -1 -1 
-1 -1 -1 -1 -1 
-1 -1 -1 -1 -1 
-1 -1 -1 -1 -1 
90.9491 18.7189 258.905 162.663 0.99504 
181.676 157.303 251.451 303.928 0.369335 
94.3385 44.4698 254.697 140.302 0.164705 
108.4 157.993 189.832 317.611 0.14087 
-1 -1 -1 -1 -1 
-1 -1 -1 -1 -1 
-1 -1 -1 -1 -1 
-1 -1 -1 -1 -1 
-1 -1 -1 -1 -1 
-1 -1 -1 -1 -1 
87.531 92.0925 248.351 312.027 0.944121 
259.964 0.0 349.0 246.096 0.340209 
118.053 266.539 275.286 343.335 0.241268 
91.8146 155.774 294.507 264.138 0.22051 
164.1 9.00755 299.929 305.823 0.106683 
-1 -1 -1 -1 -1 
-1 -1 -1 -1 -1 
-1 -1 -1 -1 -1 
-1 -1 -1 -1 -1 
-1 -1 -1 -1 -1 
124.514 13.2913 228.997 83.4855 0.996848 
-1 -1 -1 -1 -1 
-1 -1 -1 -1 -1 
-1 -1 -1 -1 -1 
-1 -1 -1 -1 -1 
-1 -1 -1 -1 -1 
-1 -1 -1 -1 -1 
-1 -1 -1 -1 -1 
-1 -1 -1 -1 -1 
-1 -1 -1 -1 -1 
53.4737 35.6132 314.165 276.968 0.997955 
58.9415 221.236 306.285 338.473 0.247978 
242.936 0.0 321.179 255.636 0.110977 
47.239 55.3365 333.661 254.259 0.106977 
-1 -1 -1 -1 -1 
-1 -1 -1 -1 -1 
-1 -1 -1 -1 -1 
-1 -1 -1 -1 -1 
-1 -1 -1 -1 -1 
-1 -1 -1 -1 -1 
27.9375 58.5275 317.69 262.126 0.99684 
-1 -1 -1 -1 -1 
-1 -1 -1 -1 -1 
-1 -1 -1 -1 -1 
-1 -1 -1 -1 -1 
-1 -1 -1 -1 -1 
-1 -1 -1 -1 -1 
-1 -1 -1 -1 -1 
-1 -1 -1 -1 -1 
-1 -1 -1 -1 -1 
85.6294 18.3382 257.028 159.646 0.994003 
212.259 117.648 287.542 339.951 0.236323 
-1 -1 -1 -1 -1 
-1 -1 -1 -1 -1 
-1 -1 -1 -1 -1 
-1 -1 -1 -1 -1 
-1 -1 -1 -1 -1 
-1 -1 -1 -1 -1 
-1 -1 -1 -1 -1 
-1 -1 -1 -1 -1 
5.57347 60.1432 331.96 285.37 0.997628 
126.741 70.7731 328.882 267.178 0.158209 
-1 -1 -1 -1 -1 
-1 -1 -1 -1 -1 
-1 -1 -1 -1 -1 
-1 -1 -1 -1 -1 
-1 -1 -1 -1 -1 
-1 -1 -1 -1 -1 
-1 -1 -1 -1 -1 
-1 -1 -1 -1 -1 
32.8828 36.8222 294.466 240.268 0.996801 
29.4465 11.9339 293.404 215.312 0.23529 
189.795 69.6054 284.296 255.509 0.206676 
-1 -1 -1 -1 -1 
-1 -1 -1 -1 -1 
-1 -1 -1 -1 -1 
-1 -1 -1 -1 -1 
-1 -1 -1 -1 -1 
-1 -1 -1 -1 -1 
-1 -1 -1 -1 -1 
125.376 33.9292 231.943 208.042 0.990482 
-1 -1 -1 -1 -1 
-1 -1 -1 -1 -1 
-1 -1 -1 -1 -1 
-1 -1 -1 -1 -1 
-1 -1 -1 -1 -1 
-1 -1 -1 -1 -1 
-1 -1 -1 -1 -1 
-1 -1 -1 -1 -1 
-1 -1 -1 -1 -1 
82.3705 98.3635 253.186 225.679 0.945198 
102.114 0.0 252.092 112.716 0.593726 
100.393 214.951 234.091 336.997 0.188148 
101.397 8.98691 287.538 109.131 0.103075 
-1 -1 -1 -1 -1 
-1 -1 -1 -1 -1 
-1 -1 -1 -1 -1 
-1 -1 -1 -1 -1 
-1 -1 -1 -1 -1 
-1 -1 -1 -1 -1 
121.112 12.8877 229.849 119.51 0.986561 
103.825 109.462 261.55 307.976 0.541879 
124.904 42.6024 250.119 340.092 0.184377 
-1 -1 -1 -1 -1 
-1 -1 -1 -1 -1 
-1 -1 -1 -1 -1 
-1 -1 -1 -1 -1 
-1 -1 -1 -1 -1 
-1 -1 -1 -1 -1 
-1 -1 -1 -1 -1 
95.6002 81.15 238.535 221.765 0.923695 
97.7937 200.97 276.42 331.042 0.913598 
97.11 199.314 293.826 316.264 0.141667 
-1 -1 -1 -1 -1 
-1 -1 -1 -1 -1 
-1 -1 -1 -1 -1 
-1 -1 -1 -1 -1 
-1 -1 -1 -1 -1 
-1 -1 -1 -1 -1 
-1 -1 -1 -1 -1 
19.8458 65.008 336.396 311.088 0.986579 
60.4475 49.1965 213.977 326.085 0.140434 
-1 -1 -1 -1 -1 
-1 -1 -1 -1 -1 
-1 -1 -1 -1 -1 
-1 -1 -1 -1 -1 
-1 -1 -1 -1 -1 
-1 -1 -1 -1 -1 
-1 -1 -1 -1 -1 
-1 -1 -1 -1 -1 
120.152 9.1594 245.591 110.767 0.988866 
127.949 64.1556 239.653 300.039 0.490614 
126.158 78.5024 253.41 115.16 0.230689 
164.555 37.9887 207.006 108.74 0.155285 
135.193 271.206 205.347 348.538 0.108775 
-1 -1 -1 -1 -1 
-1 -1 -1 -1 -1 
-1 -1 -1 -1 -1 
-1 -1 -1 -1 -1 
-1 -1 -1 -1 -1 
53.625 53.5789 299.28 288.612 0.997063 
163.709 137.638 295.965 266.189 0.506514 
73.2535 59.1449 217.256 281.377 0.389893 
170.104 143.29 306.89 265.499 0.131332 
13.6415 167.059 205.853 307.227 0.106542 
-1 -1 -1 -1 -1 
-1 -1 -1 -1 -1 
-1 -1 -1 -1 -1 
-1 -1 -1 -1 -1 
-1 -1 -1 -1 -1 
120.84 89.5607 240.834 231.892 0.950043 
121.633 226.943 229.372 319.707 0.746875 
131.829 99.7304 312.48 219.091 0.145922 
-1 -1 -1 -1 -1 
-1 -1 -1 -1 -1 
-1 -1 -1 -1 -1 
-1 -1 -1 -1 -1 
-1 -1 -1 -1 -1 
-1 -1 -1 -1 -1 
-1 -1 -1 -1 -1 
125.508 77.6776 219.328 226.475 0.985205 
125.6 208.453 214.424 263.457 0.912774 
133.112 90.2583 214.689 260.809 0.34586 
-1 -1 -1 -1 -1 
-1 -1 -1 -1 -1 
-1 -1 -1 -1 -1 
-1 -1 -1 -1 -1 
-1 -1 -1 -1 -1 
-1 -1 -1 -1 -1 
-1 -1 -1 -1 -1 
114.209 92.1375 223.053 255.018 0.993495 
118.968 250.729 221.738 315.993 0.95158 
-1 -1 -1 -1 -1 
-1 -1 -1 -1 -1 
-1 -1 -1 -1 -1 
-1 -1 -1 -1 -1 
-1 -1 -1 -1 -1 
-1 -1 -1 -1 -1 
-1 -1 -1 -1 -1 
-1 -1 -1 -1 -1 
5.85191 15.1009 206.077 203.3 0.998525 
250.189 126.523 319.151 184.155 0.921013 
241.81 45.5255 329.194 168.902 0.672118 
38.9121 188.162 213.766 342.639 0.524416 
252.715 179.97 322.382 344.459 0.324935 
-1 -1 -1 -1 -1 
-1 -1 -1 -1 -1 
-1 -1 -1 -1 -1 
-1 -1 -1 -1 -1 
-1 -1 -1 -1 -1 
114.476 7.16706 235.276 89.919 0.994846 
125.591 63.066 225.793 312.82 0.805011 
-1 -1 -1 -1 -1 
-1 -1 -1 -1 -1 
-1 -1 -1 -1 -1 
-1 -1 -1 -1 -1 
-1 -1 -1 -1 -1 
-1 -1 -1 -1 -1 
-1 -1 -1 -1 -1 
-1 -1 -1 -1 -1 
114.275 88.9404 255.105 260.151 0.985816 
139.202 206.848 247.731 285.519 0.941439 
-1 -1 -1 -1 -1 
-1 -1 -1 -1 -1 
-1 -1 -1 -1 -1 
-1 -1 -1 -1 -1 
-1 -1 -1 -1 -1 
-1 -1 -1 -1 -1 
-1 -1 -1 -1 -1 
-1 -1 -1 -1 -1 
87.2917 126.533 238.896 238.187 0.966722 
82.9798 0.0 256.568 161.627 0.907547 
64.4641 9.59699 244.446 140.323 0.242707 
-1 -1 -1 -1 -1 
-1 -1 -1 -1 -1 
-1 -1 -1 -1 -1 
-1 -1 -1 -1 -1 
-1 -1 -1 -1 -1 
-1 -1 -1 -1 -1 
-1 -1 -1 -1 -1 
13.2828 80.1665 304.893 325.634 0.568238 
46.8751 22.3341 259.922 336.109 0.235126 
-1 -1 -1 -1 -1 
-1 -1 -1 -1 -1 
-1 -1 -1 -1 -1 
-1 -1 -1 -1 -1 
-1 -1 -1 -1 -1 
-1 -1 -1 -1 -1 
-1 -1 -1 -1 -1 
-1 -1 -1 -1 -1 
94.366 106.046 265.72 291.401 0.947861 
84.8772 263.721 257.43 341.081 0.527575 
81.1748 209.209 251.577 298.29 0.117344 
-1 -1 -1 -1 -1 
-1 -1 -1 -1 -1 
-1 -1 -1 -1 -1 
-1 -1 -1 -1 -1 
-1 -1 -1 -1 -1 
-1 -1 -1 -1 -1 
-1 -1 -1 -1 -1 
39.6962 26.9453 341.25 292.795 0.999452 
-1 -1 -1 -1 -1 
-1 -1 -1 -1 -1 
-1 -1 -1 -1 -1 
-1 -1 -1 -1 -1 
-1 -1 -1 -1 -1 
-1 -1 -1 -1 -1 
-1 -1 -1 -1 -1 
-1 -1 -1 -1 -1 
-1 -1 -1 -1 -1 
99.5383 81.3331 232.668 255.032 0.946315 
106.337 209.263 222.775 300.874 0.920588 
-1 -1 -1 -1 -1 
-1 -1 -1 -1 -1 
-1 -1 -1 -1 -1 
-1 -1 -1 -1 -1 
-1 -1 -1 -1 -1 
-1 -1 -1 -1 -1 
-1 -1 -1 -1 -1 
-1 -1 -1 -1 -1 
33.0329 20.0081 319.939 262.279 0.999222 
-1 -1 -1 -1 -1 
-1 -1 -1 -1 -1 
-1 -1 -1 -1 -1 
-1 -1 -1 -1 -1 
-1 -1 -1 -1 -1 
-1 -1 -1 -1 -1 
-1 -1 -1 -1 -1 
-1 -1 -1 -1 -1 
-1 -1 -1 -1 -1 
139.869 15.9216 343.259 169.373 0.992441 
39.2915 48.1649 114.118 169.882 0.982448 
148.433 178.765 346.854 336.379 0.970529 
23.9211 151.057 118.031 204.576 0.831188 
106.026 27.7152 349.0 335.784 0.624212 
36.2633 188.219 106.771 338.217 0.546414 
57.935 51.4332 90.0114 114.236 0.137817 
-1 -1 -1 -1 -1 
-1 -1 -1 -1 -1 
-1 -1 -1 -1 -1 
0.0 52.7795 340.873 306.723 0.996618 
5.94285 159.026 152.551 293.399 0.114955 
13.4092 30.2692 233.691 298.994 0.110933 
-1 -1 -1 -1 -1 
-1 -1 -1 -1 -1 
-1 -1 -1 -1 -1 
-1 -1 -1 -1 -1 
-1 -1 -1 -1 -1 
-1 -1 -1 -1 -1 
-1 -1 -1 -1 -1 
109.213 84.9417 255.407 282.089 0.967469 
122.446 220.333 231.055 315.141 0.881396 
143.19 91.0139 207.48 223.56 0.173683 
-1 -1 -1 -1 -1 
-1 -1 -1 -1 -1 
-1 -1 -1 -1 -1 
-1 -1 -1 -1 -1 
-1 -1 -1 -1 -1 
-1 -1 -1 -1 -1 
-1 -1 -1 -1 -1 
125.074 0.292714 226.24 105.364 0.992473 
137.983 95.9787 227.909 317.881 0.749157 
-1 -1 -1 -1 -1 
-1 -1 -1 -1 -1 
-1 -1 -1 -1 -1 
-1 -1 -1 -1 -1 
-1 -1 -1 -1 -1 
-1 -1 -1 -1 -1 
-1 -1 -1 -1 -1 
-1 -1 -1 -1 -1 
129.883 11.2729 211.325 110.457 0.963751 
117.664 102.391 241.562 255.597 0.92604 
115.66 72.8229 223.117 103.488 0.154359 
-1 -1 -1 -1 -1 
-1 -1 -1 -1 -1 
-1 -1 -1 -1 -1 
-1 -1 -1 -1 -1 
-1 -1 -1 -1 -1 
-1 -1 -1 -1 -1 
-1 -1 -1 -1 -1 
145.964 75.9014 212.423 140.792 0.963555 
120.368 141.747 245.915 313.434 0.789379 
108.221 12.597 228.608 89.8161 0.149265 
-1 -1 -1 -1 -1 
-1 -1 -1 -1 -1 
-1 -1 -1 -1 -1 
-1 -1 -1 -1 -1 
-1 -1 -1 -1 -1 
-1 -1 -1 -1 -1 
-1 -1 -1 -1 -1 
118.796 98.6463 255.192 248.18 0.985854 
23.9702 96.8763 144.265 318.285 0.97758 
110.479 222.047 236.983 329.094 0.936203 
25.7346 83.857 149.049 339.629 0.511824 
-1 -1 -1 -1 -1 
-1 -1 -1 -1 -1 
-1 -1 -1 -1 -1 
-1 -1 -1 -1 -1 
-1 -1 -1 -1 -1 
-1 -1 -1 -1 -1 
9.55704 35.0381 232.213 213.26 0.996111 
237.351 130.845 321.22 182.109 0.901237 
251.176 64.0162 322.319 133.836 0.823108 
16.5408 209.563 123.74 341.641 0.148464 
114.888 221.416 224.469 349.0 0.119175 
-1 -1 -1 -1 -1 
-1 -1 -1 -1 -1 
-1 -1 -1 -1 -1 
-1 -1 -1 -1 -1 
-1 -1 -1 -1 -1 
140.524 20.029 234.511 117.197 0.993603 
0.0 82.0154 111.815 224.715 0.672279 
189.958 124.546 306.753 328.504 0.228334 
147.465 89.3988 229.372 320.56 0.227073 
-1 -1 -1 -1 -1 
-1 -1 -1 -1 -1 
-1 -1 -1 -1 -1 
-1 -1 -1 -1 -1 
-1 -1 -1 -1 -1 
-1 -1 -1 -1 -1 
62.9974 41.9199 290.406 257.628 0.996939 
64.3698 247.735 168.74 334.298 0.253799 
-1 -1 -1 -1 -1 
-1 -1 -1 -1 -1 
-1 -1 -1 -1 -1 
-1 -1 -1 -1 -1 
-1 -1 -1 -1 -1 
-1 -1 -1 -1 -1 
-1 -1 -1 -1 -1 
-1 -1 -1 -1 -1 
61.7025 39.5124 283.751 208.54 0.999229 
91.7432 202.899 284.914 340.597 0.760676 
-1 -1 -1 -1 -1 
-1 -1 -1 -1 -1 
-1 -1 -1 -1 -1 
-1 -1 -1 -1 -1 
-1 -1 -1 -1 -1 
-1 -1 -1 -1 -1 
-1 -1 -1 -1 -1 
-1 -1 -1 -1 -1 
121.36 7.71556 226.699 116.829 0.992994 
130.848 96.6764 216.901 302.356 0.513045 
-1 -1 -1 -1 -1 
-1 -1 -1 -1 -1 
-1 -1 -1 -1 -1 
-1 -1 -1 -1 -1 
-1 -1 -1 -1 -1 
-1 -1 -1 -1 -1 
-1 -1 -1 -1 -1 
-1 -1 -1 -1 -1 
125.349 76.2074 251.096 293.446 0.819291 
116.281 208.202 248.048 316.163 0.116698 
-1 -1 -1 -1 -1 
-1 -1 -1 -1 -1 
-1 -1 -1 -1 -1 
-1 -1 -1 -1 -1 
-1 -1 -1 -1 -1 
-1 -1 -1 -1 -1 
-1 -1 -1 -1 -1 
-1 -1 -1 -1 -1 
140.878 130.909 209.935 180.413 0.949915 
140.323 55.5453 210.347 136.232 0.946504 
146.577 186.957 204.083 342.783 0.463615 
-1 -1 -1 -1 -1 
-1 -1 -1 -1 -1 
-1 -1 -1 -1 -1 
-1 -1 -1 -1 -1 
-1 -1 -1 -1 -1 
-1 -1 -1 -1 -1 
-1 -1 -1 -1 -1 
191.539 137.689 349.0 276.519 0.978885 
48.8235 90.1882 148.58 289.544 0.909293 
179.371 6.34395 349.0 269.25 0.448925 
42.7723 214.927 152.194 333.665 0.411899 
195.736 239.013 349.0 307.671 0.146951 
-1 -1 -1 -1 -1 
-1 -1 -1 -1 -1 
-1 -1 -1 -1 -1 
-1 -1 -1 -1 -1 
-1 -1 -1 -1 -1 
134.798 83.7492 234.561 318.267 0.98628 
146.451 23.0314 225.622 120.764 0.967636 
-1 -1 -1 -1 -1 
-1 -1 -1 -1 -1 
-1 -1 -1 -1 -1 
-1 -1 -1 -1 -1 
-1 -1 -1 -1 -1 
-1 -1 -1 -1 -1 
-1 -1 -1 -1 -1 
-1 -1 -1 -1 -1 
49.9805 34.7269 275.489 287.967 0.995997 
41.2655 0.0 285.83 113.403 0.239573 
50.949 10.5705 290.627 115.756 0.122359 
233.563 49.1395 324.221 231.002 0.117917 
-1 -1 -1 -1 -1 
-1 -1 -1 -1 -1 
-1 -1 -1 -1 -1 
-1 -1 -1 -1 -1 
-1 -1 -1 -1 -1 
-1 -1 -1 -1 -1 
89.5547 115.243 240.3 220.139 0.80047 
124.378 95.3742 234.155 207.98 0.693536 
3.7013 134.317 142.793 348.852 0.353249 
139.751 195.746 212.746 327.992 0.268291 
-1 -1 -1 -1 -1 
-1 -1 -1 -1 -1 
-1 -1 -1 -1 -1 
-1 -1 -1 -1 -1 
-1 -1 -1 -1 -1 
-1 -1 -1 -1 -1 
8.45592 41.0585 344.074 313.571 0.996988 
-1 -1 -1 -1 -1 
-1 -1 -1 -1 -1 
-1 -1 -1 -1 -1 
-1 -1 -1 -1 -1 
-1 -1 -1 -1 -1 
-1 -1 -1 -1 -1 
-1 -1 -1 -1 -1 
-1 -1 -1 -1 -1 
-1 -1 -1 -1 -1 
76.7323 34.5532 245.122 186.241 0.987223 
228.582 0.0 305.843 136.197 0.183317 
87.1409 140.408 232.353 337.365 0.152187 
-1 -1 -1 -1 -1 
-1 -1 -1 -1 -1 
-1 -1 -1 -1 -1 
-1 -1 -1 -1 -1 
-1 -1 -1 -1 -1 
-1 -1 -1 -1 -1 
-1 -1 -1 -1 -1 
66.6444 16.7215 273.614 166.65 0.997813 
106.039 105.561 247.187 305.658 0.395186 
-1 -1 -1 -1 -1 
-1 -1 -1 -1 -1 
-1 -1 -1 -1 -1 
-1 -1 -1 -1 -1 
-1 -1 -1 -1 -1 
-1 -1 -1 -1 -1 
-1 -1 -1 -1 -1 
-1 -1 -1 -1 -1 
205.595 128.426 275.505 265.39 0.801361 
82.1658 53.4578 130.501 132.269 0.794934 
61.5029 115.433 134.43 263.763 0.704349 
209.685 48.5166 272.705 146.982 0.67018 
94.1458 113.745 285.827 287.337 0.178898 
-1 -1 -1 -1 -1 
-1 -1 -1 -1 -1 
-1 -1 -1 -1 -1 
-1 -1 -1 -1 -1 
-1 -1 -1 -1 -1 
74.6294 38.7603 280.187 229.551 0.995657 
-1 -1 -1 -1 -1 
-1 -1 -1 -1 -1 
-1 -1 -1 -1 -1 
-1 -1 -1 -1 -1 
-1 -1 -1 -1 -1 
-1 -1 -1 -1 -1 
-1 -1 -1 -1 -1 
-1 -1 -1 -1 -1 
-1 -1 -1 -1 -1 
132.99 26.2222 233.533 137.608 0.974726 
138.874 122.347 230.682 283.13 0.438529 
-1 -1 -1 -1 -1 
-1 -1 -1 -1 -1 
-1 -1 -1 -1 -1 
-1 -1 -1 -1 -1 
-1 -1 -1 -1 -1 
-1 -1 -1 -1 -1 
-1 -1 -1 -1 -1 
-1 -1 -1 -1 -1 
74.5707 43.2625 276.218 289.483 0.99312 
67.991 28.408 304.969 280.46 0.869398 
42.8905 206.094 322.814 303.4 0.204725 
249.792 4.36575 341.66 339.273 0.131592 
251.399 1.12536 349.0 347.716 0.102777 
-1 -1 -1 -1 -1 
-1 -1 -1 -1 -1 
-1 -1 -1 -1 -1 
-1 -1 -1 -1 -1 
-1 -1 -1 -1 -1 
92.8176 9.64092 241.736 145.313 0.993255 
111.442 165.382 228.448 336.283 0.738536 
215.087 89.7196 344.353 349.0 0.368204 
17.6922 96.5831 112.19 338.476 0.105514 
-1 -1 -1 -1 -1 
-1 -1 -1 -1 -1 
-1 -1 -1 -1 -1 
-1 -1 -1 -1 -1 
-1 -1 -1 -1 -1 
-1 -1 -1 -1 -1 
74.8537 34.8702 266.423 185.206 0.993381 
184.713 161.696 257.644 291.784 0.178066 
91.9238 179.303 186.374 335.164 0.17059 
177.655 77.9774 261.67 175.949 0.146888 
98.0334 82.4139 156.832 176.501 0.100181 
-1 -1 -1 -1 -1 
-1 -1 -1 -1 -1 
-1 -1 -1 -1 -1 
-1 -1 -1 -1 -1 
-1 -1 -1 -1 -1 
137.348 9.21477 244.138 102.217 0.984785 
6.27773 30.0233 162.982 297.678 0.119433 
-1 -1 -1 -1 -1 
-1 -1 -1 -1 -1 
-1 -1 -1 -1 -1 
-1 -1 -1 -1 -1 
-1 -1 -1 -1 -1 
-1 -1 -1 -1 -1 
-1 -1 -1 -1 -1 
-1 -1 -1 -1 -1 
141.719 19.1562 229.735 145.179 0.995571 
-1 -1 -1 -1 -1 
-1 -1 -1 -1 -1 
-1 -1 -1 -1 -1 
-1 -1 -1 -1 -1 
-1 -1 -1 -1 -1 
-1 -1 -1 -1 -1 
-1 -1 -1 -1 -1 
-1 -1 -1 -1 -1 
-1 -1 -1 -1 -1 
