1830
5
64.3689 55.6436 220.285 280.542 0.991932 
157.285 14.1608 283.527 276.707 0.831022 
218.306 119.574 289.866 294.227 0.646663 
178.429 2.96572 292.057 113.455 0.465195 
52.2744 0.0 82.8699 62.4161 0.309904 
176.131 0.892515 215.346 69.5831 0.300692 
54.1716 0.0 227.155 71.8591 0.174234 
-1 -1 -1 -1 -1 
-1 -1 -1 -1 -1 
-1 -1 -1 -1 -1 
97.3961 17.8732 248.935 308.591 0.992492 
176.153 99.1454 236.524 305.67 0.330723 
92.1669 41.5456 154.895 332.052 0.129435 
-1 -1 -1 -1 -1 
-1 -1 -1 -1 -1 
-1 -1 -1 -1 -1 
-1 -1 -1 -1 -1 
-1 -1 -1 -1 -1 
-1 -1 -1 -1 -1 
-1 -1 -1 -1 -1 
100.088 26.4095 232.262 299.659 0.996612 
123.337 0.0 236.022 63.1412 0.185037 
-1 -1 -1 -1 -1 
-1 -1 -1 -1 -1 
-1 -1 -1 -1 -1 
-1 -1 -1 -1 -1 
-1 -1 -1 -1 -1 
-1 -1 -1 -1 -1 
-1 -1 -1 -1 -1 
-1 -1 -1 -1 -1 
94.3067 10.2473 235.002 291.378 0.997798 
-1 -1 -1 -1 -1 
-1 -1 -1 -1 -1 
-1 -1 -1 -1 -1 
-1 -1 -1 -1 -1 
-1 -1 -1 -1 -1 
-1 -1 -1 -1 -1 
-1 -1 -1 -1 -1 
-1 -1 -1 -1 -1 
-1 -1 -1 -1 -1 
104.027 18.0497 278.731 316.147 0.995937 
-1 -1 -1 -1 -1 
-1 -1 -1 -1 -1 
-1 -1 -1 -1 -1 
-1 -1 -1 -1 -1 
-1 -1 -1 -1 -1 
-1 -1 -1 -1 -1 
-1 -1 -1 -1 -1 
-1 -1 -1 -1 -1 
-1 -1 -1 -1 -1 
59.1669 15.5083 249.927 303.896 0.9904 
192.981 15.1573 349.0 349.0 0.107634 
-1 -1 -1 -1 -1 
-1 -1 -1 -1 -1 
-1 -1 -1 -1 -1 
-1 -1 -1 -1 -1 
-1 -1 -1 -1 -1 
-1 -1 -1 -1 -1 
-1 -1 -1 -1 -1 
-1 -1 -1 -1 -1 
102.485 7.86228 252.873 345.825 0.998783 
-1 -1 -1 -1 -1 
-1 -1 -1 -1 -1 
-1 -1 -1 -1 -1 
-1 -1 -1 -1 -1 
-1 -1 -1 -1 -1 
-1 -1 -1 -1 -1 
-1 -1 -1 -1 -1 
-1 -1 -1 -1 -1 
-1 -1 -1 -1 -1 
106.749 11.9597 248.087 335.784 0.998643 
114.702 37.0384 245.91 131.16 0.157938 
-1 -1 -1 -1 -1 
-1 -1 -1 -1 -1 
-1 -1 -1 -1 -1 
-1 -1 -1 -1 -1 
-1 -1 -1 -1 -1 
-1 -1 -1 -1 -1 
-1 -1 -1 -1 -1 
-1 -1 -1 -1 -1 
117.704 14.764 243.578 289.766 0.997223 
-1 -1 -1 -1 -1 
-1 -1 -1 -1 -1 
-1 -1 -1 -1 -1 
-1 -1 -1 -1 -1 
-1 -1 -1 -1 -1 
-1 -1 -1 -1 -1 
-1 -1 -1 -1 -1 
-1 -1 -1 -1 -1 
-1 -1 -1 -1 -1 
89.8338 45.574 241.733 283.31 0.995511 
109.469 194.45 274.748 291.333 0.103072 
-1 -1 -1 -1 -1 
-1 -1 -1 -1 -1 
-1 -1 -1 -1 -1 
-1 -1 -1 -1 -1 
-1 -1 -1 -1 -1 
-1 -1 -1 -1 -1 
-1 -1 -1 -1 -1 
-1 -1 -1 -1 -1 
93.1864 10.4124 250.327 349.0 0.998077 
-1 -1 -1 -1 -1 
-1 -1 -1 -1 -1 
-1 -1 -1 -1 -1 
-1 -1 -1 -1 -1 
-1 -1 -1 -1 -1 
-1 -1 -1 -1 -1 
-1 -1 -1 -1 -1 
-1 -1 -1 -1 -1 
-1 -1 -1 -1 -1 
2.42563 14.4625 258.098 329.379 0.609386 
16.5541 34.8571 335.537 327.462 0.528768 
163.048 81.5348 317.413 329.684 0.120217 
-1 -1 -1 -1 -1 
-1 -1 -1 -1 -1 
-1 -1 -1 -1 -1 
-1 -1 -1 -1 -1 
-1 -1 -1 -1 -1 
-1 -1 -1 -1 -1 
-1 -1 -1 -1 -1 
110.836 18.727 238.08 334.31 0.977999 
-1 -1 -1 -1 -1 
-1 -1 -1 -1 -1 
-1 -1 -1 -1 -1 
-1 -1 -1 -1 -1 
-1 -1 -1 -1 -1 
-1 -1 -1 -1 -1 
-1 -1 -1 -1 -1 
-1 -1 -1 -1 -1 
-1 -1 -1 -1 -1 
117.016 58.2296 217.661 278.19 0.997647 
-1 -1 -1 -1 -1 
-1 -1 -1 -1 -1 
-1 -1 -1 -1 -1 
-1 -1 -1 -1 -1 
-1 -1 -1 -1 -1 
-1 -1 -1 -1 -1 
-1 -1 -1 -1 -1 
-1 -1 -1 -1 -1 
-1 -1 -1 -1 -1 
108.813 45.7704 241.654 302.505 0.99695 
9.78792 25.0929 122.268 176.848 0.280403 
13.4682 0.0 135.98 290.639 0.104375 
-1 -1 -1 -1 -1 
-1 -1 -1 -1 -1 
-1 -1 -1 -1 -1 
-1 -1 -1 -1 -1 
-1 -1 -1 -1 -1 
-1 -1 -1 -1 -1 
-1 -1 -1 -1 -1 
99.8035 16.4831 251.162 342.789 0.998037 
-1 -1 -1 -1 -1 
-1 -1 -1 -1 -1 
-1 -1 -1 -1 -1 
-1 -1 -1 -1 -1 
-1 -1 -1 -1 -1 
-1 -1 -1 -1 -1 
-1 -1 -1 -1 -1 
-1 -1 -1 -1 -1 
-1 -1 -1 -1 -1 
97.726 25.412 231.077 202.702 0.990923 
0.0 11.3123 130.115 349.0 0.161545 
-1 -1 -1 -1 -1 
-1 -1 -1 -1 -1 
-1 -1 -1 -1 -1 
-1 -1 -1 -1 -1 
-1 -1 -1 -1 -1 
-1 -1 -1 -1 -1 
-1 -1 -1 -1 -1 
-1 -1 -1 -1 -1 
114.02 20.0793 243.576 320.422 0.964208 
178.995 0.0 339.853 342.354 0.226932 
-1 -1 -1 -1 -1 
-1 -1 -1 -1 -1 
-1 -1 -1 -1 -1 
-1 -1 -1 -1 -1 
-1 -1 -1 -1 -1 
-1 -1 -1 -1 -1 
-1 -1 -1 -1 -1 
-1 -1 -1 -1 -1 
104.466 48.4839 270.934 260.756 0.992678 
204.75 12.2845 349.0 341.071 0.550602 
215.467 63.7305 331.918 266.438 0.545863 
57.1587 18.8698 201.664 318.786 0.211154 
61.814 83.8233 187.36 315.246 0.110326 
-1 -1 -1 -1 -1 
-1 -1 -1 -1 -1 
-1 -1 -1 -1 -1 
-1 -1 -1 -1 -1 
-1 -1 -1 -1 -1 
121.267 8.02983 277.632 325.705 0.9975 
-1 -1 -1 -1 -1 
-1 -1 -1 -1 -1 
-1 -1 -1 -1 -1 
-1 -1 -1 -1 -1 
-1 -1 -1 -1 -1 
-1 -1 -1 -1 -1 
-1 -1 -1 -1 -1 
-1 -1 -1 -1 -1 
-1 -1 -1 -1 -1 
109.786 33.1471 223.849 307.347 0.997591 
-1 -1 -1 -1 -1 
-1 -1 -1 -1 -1 
-1 -1 -1 -1 -1 
-1 -1 -1 -1 -1 
-1 -1 -1 -1 -1 
-1 -1 -1 -1 -1 
-1 -1 -1 -1 -1 
-1 -1 -1 -1 -1 
-1 -1 -1 -1 -1 
100.652 11.4246 240.32 328.866 0.995426 
-1 -1 -1 -1 -1 
-1 -1 -1 -1 -1 
-1 -1 -1 -1 -1 
-1 -1 -1 -1 -1 
-1 -1 -1 -1 -1 
-1 -1 -1 -1 -1 
-1 -1 -1 -1 -1 
-1 -1 -1 -1 -1 
-1 -1 -1 -1 -1 
122.194 21.7124 252.833 294.254 0.978488 
204.685 119.719 246.358 208.299 0.390365 
-1 -1 -1 -1 -1 
-1 -1 -1 -1 -1 
-1 -1 -1 -1 -1 
-1 -1 -1 -1 -1 
-1 -1 -1 -1 -1 
-1 -1 -1 -1 -1 
-1 -1 -1 -1 -1 
-1 -1 -1 -1 -1 
94.3062 9.44246 251.368 347.238 0.997852 
-1 -1 -1 -1 -1 
-1 -1 -1 -1 -1 
-1 -1 -1 -1 -1 
-1 -1 -1 -1 -1 
-1 -1 -1 -1 -1 
-1 -1 -1 -1 -1 
-1 -1 -1 -1 -1 
-1 -1 -1 -1 -1 
-1 -1 -1 -1 -1 
112.851 24.0749 240.486 334.365 0.995291 
-1 -1 -1 -1 -1 
-1 -1 -1 -1 -1 
-1 -1 -1 -1 -1 
-1 -1 -1 -1 -1 
-1 -1 -1 -1 -1 
-1 -1 -1 -1 -1 
-1 -1 -1 -1 -1 
-1 -1 -1 -1 -1 
-1 -1 -1 -1 -1 
106.705 4.94946 249.309 349.0 0.998179 
-1 -1 -1 -1 -1 
-1 -1 -1 -1 -1 
-1 -1 -1 -1 -1 
-1 -1 -1 -1 -1 
-1 -1 -1 -1 -1 
-1 -1 -1 -1 -1 
-1 -1 -1 -1 -1 
-1 -1 -1 -1 -1 
-1 -1 -1 -1 -1 
122.748 28.5463 248.088 326.55 0.989981 
-1 -1 -1 -1 -1 
-1 -1 -1 -1 -1 
-1 -1 -1 -1 -1 
-1 -1 -1 -1 -1 
-1 -1 -1 -1 -1 
-1 -1 -1 -1 -1 
-1 -1 -1 -1 -1 
-1 -1 -1 -1 -1 
-1 -1 -1 -1 -1 
107.701 31.4934 247.009 305.191 0.991627 
-1 -1 -1 -1 -1 
-1 -1 -1 -1 -1 
-1 -1 -1 -1 -1 
-1 -1 -1 -1 -1 
-1 -1 -1 -1 -1 
-1 -1 -1 -1 -1 
-1 -1 -1 -1 -1 
-1 -1 -1 -1 -1 
-1 -1 -1 -1 -1 
138.668 24.5259 235.443 310.904 0.992592 
-1 -1 -1 -1 -1 
-1 -1 -1 -1 -1 
-1 -1 -1 -1 -1 
-1 -1 -1 -1 -1 
-1 -1 -1 -1 -1 
-1 -1 -1 -1 -1 
-1 -1 -1 -1 -1 
-1 -1 -1 -1 -1 
-1 -1 -1 -1 -1 
125.513 40.4853 217.533 257.857 0.996662 
-1 -1 -1 -1 -1 
-1 -1 -1 -1 -1 
-1 -1 -1 -1 -1 
-1 -1 -1 -1 -1 
-1 -1 -1 -1 -1 
-1 -1 -1 -1 -1 
-1 -1 -1 -1 -1 
-1 -1 -1 -1 -1 
-1 -1 -1 -1 -1 
100.724 16.2421 257.557 344.648 0.997532 
-1 -1 -1 -1 -1 
-1 -1 -1 -1 -1 
-1 -1 -1 -1 -1 
-1 -1 -1 -1 -1 
-1 -1 -1 -1 -1 
-1 -1 -1 -1 -1 
-1 -1 -1 -1 -1 
-1 -1 -1 -1 -1 
-1 -1 -1 -1 -1 
116.331 24.0777 222.121 257.052 0.997742 
153.151 213.468 259.259 331.618 0.15783 
-1 -1 -1 -1 -1 
-1 -1 -1 -1 -1 
-1 -1 -1 -1 -1 
-1 -1 -1 -1 -1 
-1 -1 -1 -1 -1 
-1 -1 -1 -1 -1 
-1 -1 -1 -1 -1 
-1 -1 -1 -1 -1 
111.119 25.9761 254.448 314.793 0.997497 
-1 -1 -1 -1 -1 
-1 -1 -1 -1 -1 
-1 -1 -1 -1 -1 
-1 -1 -1 -1 -1 
-1 -1 -1 -1 -1 
-1 -1 -1 -1 -1 
-1 -1 -1 -1 -1 
-1 -1 -1 -1 -1 
-1 -1 -1 -1 -1 
133.892 41.0511 231.869 289.077 0.993559 
134.875 208.657 230.649 259.506 0.15398 
-1 -1 -1 -1 -1 
-1 -1 -1 -1 -1 
-1 -1 -1 -1 -1 
-1 -1 -1 -1 -1 
-1 -1 -1 -1 -1 
-1 -1 -1 -1 -1 
-1 -1 -1 -1 -1 
-1 -1 -1 -1 -1 
119.65 28.1982 213.223 258.472 0.982908 
202.167 8.91158 328.261 246.876 0.11153 
-1 -1 -1 -1 -1 
-1 -1 -1 -1 -1 
-1 -1 -1 -1 -1 
-1 -1 -1 -1 -1 
-1 -1 -1 -1 -1 
-1 -1 -1 -1 -1 
-1 -1 -1 -1 -1 
-1 -1 -1 -1 -1 
109.424 27.3739 240.087 319.731 0.997647 
-1 -1 -1 -1 -1 
-1 -1 -1 -1 -1 
-1 -1 -1 -1 -1 
-1 -1 -1 -1 -1 
-1 -1 -1 -1 -1 
-1 -1 -1 -1 -1 
-1 -1 -1 -1 -1 
-1 -1 -1 -1 -1 
-1 -1 -1 -1 -1 
133.692 61.7846 211.988 181.251 0.99025 
140.681 153.772 204.33 317.525 0.879792 
-1 -1 -1 -1 -1 
-1 -1 -1 -1 -1 
-1 -1 -1 -1 -1 
-1 -1 -1 -1 -1 
-1 -1 -1 -1 -1 
-1 -1 -1 -1 -1 
-1 -1 -1 -1 -1 
-1 -1 -1 -1 -1 
34.9906 31.6048 130.979 288.706 0.997904 
230.149 71.1193 328.684 285.592 0.984913 
-1 -1 -1 -1 -1 
-1 -1 -1 -1 -1 
-1 -1 -1 -1 -1 
-1 -1 -1 -1 -1 
-1 -1 -1 -1 -1 
-1 -1 -1 -1 -1 
-1 -1 -1 -1 -1 
-1 -1 -1 -1 -1 
128.481 67.2527 231.042 271.033 0.992887 
-1 -1 -1 -1 -1 
-1 -1 -1 -1 -1 
-1 -1 -1 -1 -1 
-1 -1 -1 -1 -1 
-1 -1 -1 -1 -1 
-1 -1 -1 -1 -1 
-1 -1 -1 -1 -1 
-1 -1 -1 -1 -1 
-1 -1 -1 -1 -1 
95.2036 1.47419 257.891 349.0 0.995646 
-1 -1 -1 -1 -1 
-1 -1 -1 -1 -1 
-1 -1 -1 -1 -1 
-1 -1 -1 -1 -1 
-1 -1 -1 -1 -1 
-1 -1 -1 -1 -1 
-1 -1 -1 -1 -1 
-1 -1 -1 -1 -1 
-1 -1 -1 -1 -1 
108.089 30.116 238.853 235.932 0.994458 
-1 -1 -1 -1 -1 
-1 -1 -1 -1 -1 
-1 -1 -1 -1 -1 
-1 -1 -1 -1 -1 
-1 -1 -1 -1 -1 
-1 -1 -1 -1 -1 
-1 -1 -1 -1 -1 
-1 -1 -1 -1 -1 
-1 -1 -1 -1 -1 
96.1249 7.63741 221.658 309.21 0.985432 
-1 -1 -1 -1 -1 
-1 -1 -1 -1 -1 
-1 -1 -1 -1 -1 
-1 -1 -1 -1 -1 
-1 -1 -1 -1 -1 
-1 -1 -1 -1 -1 
-1 -1 -1 -1 -1 
-1 -1 -1 -1 -1 
-1 -1 -1 -1 -1 
99.0953 28.4447 247.198 309.414 0.985068 
94.7729 1.008 223.5 52.389 0.364359 
-1 -1 -1 -1 -1 
-1 -1 -1 -1 -1 
-1 -1 -1 -1 -1 
-1 -1 -1 -1 -1 
-1 -1 -1 -1 -1 
-1 -1 -1 -1 -1 
-1 -1 -1 -1 -1 
-1 -1 -1 -1 -1 
50.7818 9.37989 213.286 293.852 0.99516 
177.385 17.903 291.96 315.533 0.994832 
-1 -1 -1 -1 -1 
-1 -1 -1 -1 -1 
-1 -1 -1 -1 -1 
-1 -1 -1 -1 -1 
-1 -1 -1 -1 -1 
-1 -1 -1 -1 -1 
-1 -1 -1 -1 -1 
-1 -1 -1 -1 -1 
111.102 50.8871 216.631 266.648 0.996147 
242.529 244.919 327.68 336.526 0.530375 
122.314 34.5523 214.789 101.646 0.176956 
213.429 0.0 345.64 280.688 0.134966 
-1 -1 -1 -1 -1 
-1 -1 -1 -1 -1 
-1 -1 -1 -1 -1 
-1 -1 -1 -1 -1 
-1 -1 -1 -1 -1 
-1 -1 -1 -1 -1 
128.416 37.3773 234.648 267.823 0.992087 
-1 -1 -1 -1 -1 
-1 -1 -1 -1 -1 
-1 -1 -1 -1 -1 
-1 -1 -1 -1 -1 
-1 -1 -1 -1 -1 
-1 -1 -1 -1 -1 
-1 -1 -1 -1 -1 
-1 -1 -1 -1 -1 
-1 -1 -1 -1 -1 
126.451 47.48 267.784 230.083 0.997255 
147.293 3.11174 302.256 339.737 0.208308 
-1 -1 -1 -1 -1 
-1 -1 -1 -1 -1 
-1 -1 -1 -1 -1 
-1 -1 -1 -1 -1 
-1 -1 -1 -1 -1 
-1 -1 -1 -1 -1 
-1 -1 -1 -1 -1 
-1 -1 -1 -1 -1 
56.1012 24.8975 248.052 308.671 0.995654 
166.333 148.704 233.952 281.89 0.547868 
65.7517 125.743 136.391 247.053 0.167295 
62.8668 9.67245 169.842 178.895 0.155101 
-1 -1 -1 -1 -1 
-1 -1 -1 -1 -1 
-1 -1 -1 -1 -1 
-1 -1 -1 -1 -1 
-1 -1 -1 -1 -1 
-1 -1 -1 -1 -1 
106.495 43.6812 234.673 314.482 0.993154 
-1 -1 -1 -1 -1 
-1 -1 -1 -1 -1 
-1 -1 -1 -1 -1 
-1 -1 -1 -1 -1 
-1 -1 -1 -1 -1 
-1 -1 -1 -1 -1 
-1 -1 -1 -1 -1 
-1 -1 -1 -1 -1 
-1 -1 -1 -1 -1 
133.293 2.75549 250.902 293.2 0.997507 
-1 -1 -1 -1 -1 
-1 -1 -1 -1 -1 
-1 -1 -1 -1 -1 
-1 -1 -1 -1 -1 
-1 -1 -1 -1 -1 
-1 -1 -1 -1 -1 
-1 -1 -1 -1 -1 
-1 -1 -1 -1 -1 
-1 -1 -1 -1 -1 
196.23 25.513 332.241 298.503 0.992853 
21.9768 57.0073 149.599 279.827 0.989934 
185.134 135.804 235.416 298.387 0.152608 
-1 -1 -1 -1 -1 
-1 -1 -1 -1 -1 
-1 -1 -1 -1 -1 
-1 -1 -1 -1 -1 
-1 -1 -1 -1 -1 
-1 -1 -1 -1 -1 
-1 -1 -1 -1 -1 
126.143 42.4532 228.673 263.445 0.996502 
17.1818 248.558 103.411 323.718 0.243311 
-1 -1 -1 -1 -1 
-1 -1 -1 -1 -1 
-1 -1 -1 -1 -1 
-1 -1 -1 -1 -1 
-1 -1 -1 -1 -1 
-1 -1 -1 -1 -1 
-1 -1 -1 -1 -1 
-1 -1 -1 -1 -1 
107.428 40.3339 240.656 336.324 0.998494 
-1 -1 -1 -1 -1 
-1 -1 -1 -1 -1 
-1 -1 -1 -1 -1 
-1 -1 -1 -1 -1 
-1 -1 -1 -1 -1 
-1 -1 -1 -1 -1 
-1 -1 -1 -1 -1 
-1 -1 -1 -1 -1 
-1 -1 -1 -1 -1 
97.4355 20.3068 224.475 284.232 0.992103 
-1 -1 -1 -1 -1 
-1 -1 -1 -1 -1 
-1 -1 -1 -1 -1 
-1 -1 -1 -1 -1 
-1 -1 -1 -1 -1 
-1 -1 -1 -1 -1 
-1 -1 -1 -1 -1 
-1 -1 -1 -1 -1 
-1 -1 -1 -1 -1 
125.571 21.406 235.167 307.418 0.994848 
-1 -1 -1 -1 -1 
-1 -1 -1 -1 -1 
-1 -1 -1 -1 -1 
-1 -1 -1 -1 -1 
-1 -1 -1 -1 -1 
-1 -1 -1 -1 -1 
-1 -1 -1 -1 -1 
-1 -1 -1 -1 -1 
-1 -1 -1 -1 -1 
108.087 15.741 235.021 326.875 0.996197 
-1 -1 -1 -1 -1 
-1 -1 -1 -1 -1 
-1 -1 -1 -1 -1 
-1 -1 -1 -1 -1 
-1 -1 -1 -1 -1 
-1 -1 -1 -1 -1 
-1 -1 -1 -1 -1 
-1 -1 -1 -1 -1 
-1 -1 -1 -1 -1 
125.069 37.7364 249.665 304.202 0.990385 
-1 -1 -1 -1 -1 
-1 -1 -1 -1 -1 
-1 -1 -1 -1 -1 
-1 -1 -1 -1 -1 
-1 -1 -1 -1 -1 
-1 -1 -1 -1 -1 
-1 -1 -1 -1 -1 
-1 -1 -1 -1 -1 
-1 -1 -1 -1 -1 
134.841 16.6612 251.831 218.361 0.992886 
33.4473 209.997 177.257 349.0 0.102745 
-1 -1 -1 -1 -1 
-1 -1 -1 -1 -1 
-1 -1 -1 -1 -1 
-1 -1 -1 -1 -1 
-1 -1 -1 -1 -1 
-1 -1 -1 -1 -1 
-1 -1 -1 -1 -1 
-1 -1 -1 -1 -1 
122.58 10.2614 262.887 332.659 0.997124 
-1 -1 -1 -1 -1 
-1 -1 -1 -1 -1 
-1 -1 -1 -1 -1 
-1 -1 -1 -1 -1 
-1 -1 -1 -1 -1 
-1 -1 -1 -1 -1 
-1 -1 -1 -1 -1 
-1 -1 -1 -1 -1 
-1 -1 -1 -1 -1 
121.073 21.3563 233.071 290.959 0.992526 
-1 -1 -1 -1 -1 
-1 -1 -1 -1 -1 
-1 -1 -1 -1 -1 
-1 -1 -1 -1 -1 
-1 -1 -1 -1 -1 
-1 -1 -1 -1 -1 
-1 -1 -1 -1 -1 
-1 -1 -1 -1 -1 
-1 -1 -1 -1 -1 
69.9579 34.56 274.187 325.58 0.994705 
170.458 56.4557 266.184 330.427 0.616978 
86.9863 0.0 186.523 319.199 0.615951 
127.16 289.65 164.447 320.938 0.112173 
-1 -1 -1 -1 -1 
-1 -1 -1 -1 -1 
-1 -1 -1 -1 -1 
-1 -1 -1 -1 -1 
-1 -1 -1 -1 -1 
-1 -1 -1 -1 -1 
95.2553 97.4485 270.624 318.593 0.981666 
142.398 17.9005 246.995 118.628 0.632893 
138.578 3.41565 242.963 108.143 0.510128 
80.1568 13.2355 162.208 337.263 0.266799 
131.78 5.70707 173.762 111.468 0.168121 
-1 -1 -1 -1 -1 
-1 -1 -1 -1 -1 
-1 -1 -1 -1 -1 
-1 -1 -1 -1 -1 
-1 -1 -1 -1 -1 
102.458 7.55116 249.001 348.638 0.997665 
-1 -1 -1 -1 -1 
-1 -1 -1 -1 -1 
-1 -1 -1 -1 -1 
-1 -1 -1 -1 -1 
-1 -1 -1 -1 -1 
-1 -1 -1 -1 -1 
-1 -1 -1 -1 -1 
-1 -1 -1 -1 -1 
-1 -1 -1 -1 -1 
106.24 15.3274 246.609 307.187 0.996097 
-1 -1 -1 -1 -1 
-1 -1 -1 -1 -1 
-1 -1 -1 -1 -1 
-1 -1 -1 -1 -1 
-1 -1 -1 -1 -1 
-1 -1 -1 -1 -1 
-1 -1 -1 -1 -1 
-1 -1 -1 -1 -1 
-1 -1 -1 -1 -1 
195.959 62.4338 290.54 283.911 0.988493 
199.025 195.01 301.168 262.807 0.134305 
-1 -1 -1 -1 -1 
-1 -1 -1 -1 -1 
-1 -1 -1 -1 -1 
-1 -1 -1 -1 -1 
-1 -1 -1 -1 -1 
-1 -1 -1 -1 -1 
-1 -1 -1 -1 -1 
-1 -1 -1 -1 -1 
45.2602 105.69 176.261 302.771 0.990986 
180.124 73.4567 336.309 324.944 0.883133 
183.199 122.813 327.452 289.308 0.782259 
200.426 70.363 291.235 177.459 0.434288 
258.501 69.7359 338.61 184.755 0.343292 
282.38 149.627 331.567 309.258 0.274027 
211.725 71.1933 250.909 137.644 0.105192 
-1 -1 -1 -1 -1 
-1 -1 -1 -1 -1 
-1 -1 -1 -1 -1 
140.426 59.1498 225.847 278.798 0.987775 
17.4456 14.1882 152.714 298.187 0.231246 
167.679 257.877 235.667 320.742 0.146912 
-1 -1 -1 -1 -1 
-1 -1 -1 -1 -1 
-1 -1 -1 -1 -1 
-1 -1 -1 -1 -1 
-1 -1 -1 -1 -1 
-1 -1 -1 -1 -1 
-1 -1 -1 -1 -1 
97.8645 10.2417 248.952 349.0 0.999317 
-1 -1 -1 -1 -1 
-1 -1 -1 -1 -1 
-1 -1 -1 -1 -1 
-1 -1 -1 -1 -1 
-1 -1 -1 -1 -1 
-1 -1 -1 -1 -1 
-1 -1 -1 -1 -1 
-1 -1 -1 -1 -1 
-1 -1 -1 -1 -1 
114.813 48.5375 219.886 267.543 0.986693 
-1 -1 -1 -1 -1 
-1 -1 -1 -1 -1 
-1 -1 -1 -1 -1 
-1 -1 -1 -1 -1 
-1 -1 -1 -1 -1 
-1 -1 -1 -1 -1 
-1 -1 -1 -1 -1 
-1 -1 -1 -1 -1 
-1 -1 -1 -1 -1 
110.453 25.5513 250.203 312.375 0.982741 
124.423 195.541 240.87 280.421 0.12259 
-1 -1 -1 -1 -1 
-1 -1 -1 -1 -1 
-1 -1 -1 -1 -1 
-1 -1 -1 -1 -1 
-1 -1 -1 -1 -1 
-1 -1 -1 -1 -1 
-1 -1 -1 -1 -1 
-1 -1 -1 -1 -1 
106.76 9.14727 256.156 339.896 0.997042 
-1 -1 -1 -1 -1 
-1 -1 -1 -1 -1 
-1 -1 -1 -1 -1 
-1 -1 -1 -1 -1 
-1 -1 -1 -1 -1 
-1 -1 -1 -1 -1 
-1 -1 -1 -1 -1 
-1 -1 -1 -1 -1 
-1 -1 -1 -1 -1 
104.202 24.5526 239.474 311.15 0.995227 
-1 -1 -1 -1 -1 
-1 -1 -1 -1 -1 
-1 -1 -1 -1 -1 
-1 -1 -1 -1 -1 
-1 -1 -1 -1 -1 
-1 -1 -1 -1 -1 
-1 -1 -1 -1 -1 
-1 -1 -1 -1 -1 
-1 -1 -1 -1 -1 
99.5758 25.0753 222.764 313.888 0.997396 
-1 -1 -1 -1 -1 
-1 -1 -1 -1 -1 
-1 -1 -1 -1 -1 
-1 -1 -1 -1 -1 
-1 -1 -1 -1 -1 
-1 -1 -1 -1 -1 
-1 -1 -1 -1 -1 
-1 -1 -1 -1 -1 
-1 -1 -1 -1 -1 
96.5554 11.145 258.648 344.57 0.997565 
-1 -1 -1 -1 -1 
-1 -1 -1 -1 -1 
-1 -1 -1 -1 -1 
-1 -1 -1 -1 -1 
-1 -1 -1 -1 -1 
-1 -1 -1 -1 -1 
-1 -1 -1 -1 -1 
-1 -1 -1 -1 -1 
-1 -1 -1 -1 -1 
98.9008 38.7595 228.193 279.486 0.992368 
159.243 82.4072 216.592 237.266 0.319314 
0.0 35.3549 256.719 135.636 0.201973 
-1 -1 -1 -1 -1 
-1 -1 -1 -1 -1 
-1 -1 -1 -1 -1 
-1 -1 -1 -1 -1 
-1 -1 -1 -1 -1 
-1 -1 -1 -1 -1 
-1 -1 -1 -1 -1 
109.724 43.9399 227.902 326.147 0.995339 
-1 -1 -1 -1 -1 
-1 -1 -1 -1 -1 
-1 -1 -1 -1 -1 
-1 -1 -1 -1 -1 
-1 -1 -1 -1 -1 
-1 -1 -1 -1 -1 
-1 -1 -1 -1 -1 
-1 -1 -1 -1 -1 
-1 -1 -1 -1 -1 
114.213 35.166 240.855 316.93 0.989317 
-1 -1 -1 -1 -1 
-1 -1 -1 -1 -1 
-1 -1 -1 -1 -1 
-1 -1 -1 -1 -1 
-1 -1 -1 -1 -1 
-1 -1 -1 -1 -1 
-1 -1 -1 -1 -1 
-1 -1 -1 -1 -1 
-1 -1 -1 -1 -1 
134.943 40.3702 234.292 287.731 0.99749 
4.9419 4.27273 150.415 258.836 0.143106 
-1 -1 -1 -1 -1 
-1 -1 -1 -1 -1 
-1 -1 -1 -1 -1 
-1 -1 -1 -1 -1 
-1 -1 -1 -1 -1 
-1 -1 -1 -1 -1 
-1 -1 -1 -1 -1 
-1 -1 -1 -1 -1 
89.4794 0.0 242.005 349.0 0.998326 
-1 -1 -1 -1 -1 
-1 -1 -1 -1 -1 
-1 -1 -1 -1 -1 
-1 -1 -1 -1 -1 
-1 -1 -1 -1 -1 
-1 -1 -1 -1 -1 
-1 -1 -1 -1 -1 
-1 -1 -1 -1 -1 
-1 -1 -1 -1 -1 
110.284 14.5078 242.031 309.067 0.99581 
-1 -1 -1 -1 -1 
-1 -1 -1 -1 -1 
-1 -1 -1 -1 -1 
-1 -1 -1 -1 -1 
-1 -1 -1 -1 -1 
-1 -1 -1 -1 -1 
-1 -1 -1 -1 -1 
-1 -1 -1 -1 -1 
-1 -1 -1 -1 -1 
122.718 27.4234 225.987 300.589 0.958913 
-1 -1 -1 -1 -1 
-1 -1 -1 -1 -1 
-1 -1 -1 -1 -1 
-1 -1 -1 -1 -1 
-1 -1 -1 -1 -1 
-1 -1 -1 -1 -1 
-1 -1 -1 -1 -1 
-1 -1 -1 -1 -1 
-1 -1 -1 -1 -1 
112.519 11.9307 243.156 329.802 0.998586 
-1 -1 -1 -1 -1 
-1 -1 -1 -1 -1 
-1 -1 -1 -1 -1 
-1 -1 -1 -1 -1 
-1 -1 -1 -1 -1 
-1 -1 -1 -1 -1 
-1 -1 -1 -1 -1 
-1 -1 -1 -1 -1 
-1 -1 -1 -1 -1 
114.409 25.1242 230.6 261.345 0.996543 
169.083 220.692 254.929 349.0 0.137159 
-1 -1 -1 -1 -1 
-1 -1 -1 -1 -1 
-1 -1 -1 -1 -1 
-1 -1 -1 -1 -1 
-1 -1 -1 -1 -1 
-1 -1 -1 -1 -1 
-1 -1 -1 -1 -1 
-1 -1 -1 -1 -1 
92.0653 16.1811 231.587 276.974 0.991365 
-1 -1 -1 -1 -1 
-1 -1 -1 -1 -1 
-1 -1 -1 -1 -1 
-1 -1 -1 -1 -1 
-1 -1 -1 -1 -1 
-1 -1 -1 -1 -1 
-1 -1 -1 -1 -1 
-1 -1 -1 -1 -1 
-1 -1 -1 -1 -1 
111.041 18.8021 237.947 334.07 0.977515 
-1 -1 -1 -1 -1 
-1 -1 -1 -1 -1 
-1 -1 -1 -1 -1 
-1 -1 -1 -1 -1 
-1 -1 -1 -1 -1 
-1 -1 -1 -1 -1 
-1 -1 -1 -1 -1 
-1 -1 -1 -1 -1 
-1 -1 -1 -1 -1 
106.102 8.50371 241.71 338.065 0.988315 
223.672 0.0 349.0 307.019 0.358528 
-1 -1 -1 -1 -1 
-1 -1 -1 -1 -1 
-1 -1 -1 -1 -1 
-1 -1 -1 -1 -1 
-1 -1 -1 -1 -1 
-1 -1 -1 -1 -1 
-1 -1 -1 -1 -1 
-1 -1 -1 -1 -1 
97.9727 11.0628 259.559 309.837 0.976803 
-1 -1 -1 -1 -1 
-1 -1 -1 -1 -1 
-1 -1 -1 -1 -1 
-1 -1 -1 -1 -1 
-1 -1 -1 -1 -1 
-1 -1 -1 -1 -1 
-1 -1 -1 -1 -1 
-1 -1 -1 -1 -1 
-1 -1 -1 -1 -1 
141.786 69.4256 217.37 169.261 0.941478 
149.097 157.393 210.779 261.67 0.936963 
178.681 189.251 203.169 241.209 0.268417 
-1 -1 -1 -1 -1 
-1 -1 -1 -1 -1 
-1 -1 -1 -1 -1 
-1 -1 -1 -1 -1 
-1 -1 -1 -1 -1 
-1 -1 -1 -1 -1 
-1 -1 -1 -1 -1 
106.955 34.6632 250.132 308.146 0.991608 
-1 -1 -1 -1 -1 
-1 -1 -1 -1 -1 
-1 -1 -1 -1 -1 
-1 -1 -1 -1 -1 
-1 -1 -1 -1 -1 
-1 -1 -1 -1 -1 
-1 -1 -1 -1 -1 
-1 -1 -1 -1 -1 
-1 -1 -1 -1 -1 
116.475 23.1859 226.952 322.574 0.977564 
176.252 10.4279 342.112 342.978 0.260339 
-1 -1 -1 -1 -1 
-1 -1 -1 -1 -1 
-1 -1 -1 -1 -1 
-1 -1 -1 -1 -1 
-1 -1 -1 -1 -1 
-1 -1 -1 -1 -1 
-1 -1 -1 -1 -1 
-1 -1 -1 -1 -1 
89.6067 3.53791 260.182 349.0 0.996756 
-1 -1 -1 -1 -1 
-1 -1 -1 -1 -1 
-1 -1 -1 -1 -1 
-1 -1 -1 -1 -1 
-1 -1 -1 -1 -1 
-1 -1 -1 -1 -1 
-1 -1 -1 -1 -1 
-1 -1 -1 -1 -1 
-1 -1 -1 -1 -1 
113.675 52.0842 228.322 317.007 0.990143 
-1 -1 -1 -1 -1 
-1 -1 -1 -1 -1 
-1 -1 -1 -1 -1 
-1 -1 -1 -1 -1 
-1 -1 -1 -1 -1 
-1 -1 -1 -1 -1 
-1 -1 -1 -1 -1 
-1 -1 -1 -1 -1 
-1 -1 -1 -1 -1 
119.177 49.2247 229.718 293.044 0.993396 
-1 -1 -1 -1 -1 
-1 -1 -1 -1 -1 
-1 -1 -1 -1 -1 
-1 -1 -1 -1 -1 
-1 -1 -1 -1 -1 
-1 -1 -1 -1 -1 
-1 -1 -1 -1 -1 
-1 -1 -1 -1 -1 
-1 -1 -1 -1 -1 
115.007 38.9343 232.442 330.508 0.987115 
-1 -1 -1 -1 -1 
-1 -1 -1 -1 -1 
-1 -1 -1 -1 -1 
-1 -1 -1 -1 -1 
-1 -1 -1 -1 -1 
-1 -1 -1 -1 -1 
-1 -1 -1 -1 -1 
-1 -1 -1 -1 -1 
-1 -1 -1 -1 -1 
98.0022 8.02038 258.193 349.0 0.997962 
-1 -1 -1 -1 -1 
-1 -1 -1 -1 -1 
-1 -1 -1 -1 -1 
-1 -1 -1 -1 -1 
-1 -1 -1 -1 -1 
-1 -1 -1 -1 -1 
-1 -1 -1 -1 -1 
-1 -1 -1 -1 -1 
-1 -1 -1 -1 -1 
90.667 11.0618 340.634 343.628 0.997871 
213.429 0.0 339.902 329.329 0.646418 
102.896 28.4229 324.495 138.471 0.157064 
-1 -1 -1 -1 -1 
-1 -1 -1 -1 -1 
-1 -1 -1 -1 -1 
-1 -1 -1 -1 -1 
-1 -1 -1 -1 -1 
-1 -1 -1 -1 -1 
-1 -1 -1 -1 -1 
134.522 21.3246 251.375 285.063 0.999069 
-1 -1 -1 -1 -1 
-1 -1 -1 -1 -1 
-1 -1 -1 -1 -1 
-1 -1 -1 -1 -1 
-1 -1 -1 -1 -1 
-1 -1 -1 -1 -1 
-1 -1 -1 -1 -1 
-1 -1 -1 -1 -1 
-1 -1 -1 -1 -1 
96.4242 13.419 243.942 304.493 0.99502 
-1 -1 -1 -1 -1 
-1 -1 -1 -1 -1 
-1 -1 -1 -1 -1 
-1 -1 -1 -1 -1 
-1 -1 -1 -1 -1 
-1 -1 -1 -1 -1 
-1 -1 -1 -1 -1 
-1 -1 -1 -1 -1 
-1 -1 -1 -1 -1 
102.891 5.09121 247.688 345.393 0.997778 
-1 -1 -1 -1 -1 
-1 -1 -1 -1 -1 
-1 -1 -1 -1 -1 
-1 -1 -1 -1 -1 
-1 -1 -1 -1 -1 
-1 -1 -1 -1 -1 
-1 -1 -1 -1 -1 
-1 -1 -1 -1 -1 
-1 -1 -1 -1 -1 
106.648 14.1164 240.439 339.813 0.998807 
-1 -1 -1 -1 -1 
-1 -1 -1 -1 -1 
-1 -1 -1 -1 -1 
-1 -1 -1 -1 -1 
-1 -1 -1 -1 -1 
-1 -1 -1 -1 -1 
-1 -1 -1 -1 -1 
-1 -1 -1 -1 -1 
-1 -1 -1 -1 -1 
96.8491 8.08637 249.777 342.098 0.997114 
-1 -1 -1 -1 -1 
-1 -1 -1 -1 -1 
-1 -1 -1 -1 -1 
-1 -1 -1 -1 -1 
-1 -1 -1 -1 -1 
-1 -1 -1 -1 -1 
-1 -1 -1 -1 -1 
-1 -1 -1 -1 -1 
-1 -1 -1 -1 -1 
117.541 28.53 222.354 306.705 0.981265 
112.867 52.4891 201.19 349.0 0.138583 
206.133 176.358 345.653 349.0 0.134995 
170.027 75.9837 211.204 259.916 0.11917 
-1 -1 -1 -1 -1 
-1 -1 -1 -1 -1 
-1 -1 -1 -1 -1 
-1 -1 -1 -1 -1 
-1 -1 -1 -1 -1 
-1 -1 -1 -1 -1 
87.5524 36.4884 259.341 323.85 0.991144 
-1 -1 -1 -1 -1 
-1 -1 -1 -1 -1 
-1 -1 -1 -1 -1 
-1 -1 -1 -1 -1 
-1 -1 -1 -1 -1 
-1 -1 -1 -1 -1 
-1 -1 -1 -1 -1 
-1 -1 -1 -1 -1 
-1 -1 -1 -1 -1 
97.4261 4.99913 254.924 349.0 0.996873 
-1 -1 -1 -1 -1 
-1 -1 -1 -1 -1 
-1 -1 -1 -1 -1 
-1 -1 -1 -1 -1 
-1 -1 -1 -1 -1 
-1 -1 -1 -1 -1 
-1 -1 -1 -1 -1 
-1 -1 -1 -1 -1 
-1 -1 -1 -1 -1 
110.981 19.246 228.883 286.644 0.985439 
-1 -1 -1 -1 -1 
-1 -1 -1 -1 -1 
-1 -1 -1 -1 -1 
-1 -1 -1 -1 -1 
-1 -1 -1 -1 -1 
-1 -1 -1 -1 -1 
-1 -1 -1 -1 -1 
-1 -1 -1 -1 -1 
-1 -1 -1 -1 -1 
125.845 40.8225 237.312 261.45 0.965713 
196.096 8.99557 349.0 269.924 0.592339 
11.609 43.238 161.412 293.429 0.189716 
224.169 12.8138 340.398 271.838 0.146674 
0.0 215.527 196.536 318.262 0.121748 
-1 -1 -1 -1 -1 
-1 -1 -1 -1 -1 
-1 -1 -1 -1 -1 
-1 -1 -1 -1 -1 
-1 -1 -1 -1 -1 
108.558 10.7233 244.966 342.523 0.997434 
-1 -1 -1 -1 -1 
-1 -1 -1 -1 -1 
-1 -1 -1 -1 -1 
-1 -1 -1 -1 -1 
-1 -1 -1 -1 -1 
-1 -1 -1 -1 -1 
-1 -1 -1 -1 -1 
-1 -1 -1 -1 -1 
-1 -1 -1 -1 -1 
105.694 16.4774 248.679 260.604 0.990173 
-1 -1 -1 -1 -1 
-1 -1 -1 -1 -1 
-1 -1 -1 -1 -1 
-1 -1 -1 -1 -1 
-1 -1 -1 -1 -1 
-1 -1 -1 -1 -1 
-1 -1 -1 -1 -1 
-1 -1 -1 -1 -1 
-1 -1 -1 -1 -1 
110.4 34.8838 249.672 286.229 0.999007 
-1 -1 -1 -1 -1 
-1 -1 -1 -1 -1 
-1 -1 -1 -1 -1 
-1 -1 -1 -1 -1 
-1 -1 -1 -1 -1 
-1 -1 -1 -1 -1 
-1 -1 -1 -1 -1 
-1 -1 -1 -1 -1 
-1 -1 -1 -1 -1 
200.696 79.6908 305.648 270.441 0.947337 
6.92696 36.2865 203.022 348.358 0.268088 
-1 -1 -1 -1 -1 
-1 -1 -1 -1 -1 
-1 -1 -1 -1 -1 
-1 -1 -1 -1 -1 
-1 -1 -1 -1 -1 
-1 -1 -1 -1 -1 
-1 -1 -1 -1 -1 
-1 -1 -1 -1 -1 
107.497 36.3754 227.668 291.789 0.994907 
-1 -1 -1 -1 -1 
-1 -1 -1 -1 -1 
-1 -1 -1 -1 -1 
-1 -1 -1 -1 -1 
-1 -1 -1 -1 -1 
-1 -1 -1 -1 -1 
-1 -1 -1 -1 -1 
-1 -1 -1 -1 -1 
-1 -1 -1 -1 -1 
72.5902 39.1065 175.016 273.438 0.983422 
148.338 45.5987 248.921 259.646 0.692384 
-1 -1 -1 -1 -1 
-1 -1 -1 -1 -1 
-1 -1 -1 -1 -1 
-1 -1 -1 -1 -1 
-1 -1 -1 -1 -1 
-1 -1 -1 -1 -1 
-1 -1 -1 -1 -1 
-1 -1 -1 -1 -1 
99.3521 7.5631 254.59 349.0 0.997765 
-1 -1 -1 -1 -1 
-1 -1 -1 -1 -1 
-1 -1 -1 -1 -1 
-1 -1 -1 -1 -1 
-1 -1 -1 -1 -1 
-1 -1 -1 -1 -1 
-1 -1 -1 -1 -1 
-1 -1 -1 -1 -1 
-1 -1 -1 -1 -1 
89.8338 46.3286 241.733 285.982 0.995511 
-1 -1 -1 -1 -1 
-1 -1 -1 -1 -1 
-1 -1 -1 -1 -1 
-1 -1 -1 -1 -1 
-1 -1 -1 -1 -1 
-1 -1 -1 -1 -1 
-1 -1 -1 -1 -1 
-1 -1 -1 -1 -1 
-1 -1 -1 -1 -1 
114.22 22.2937 233.428 316.292 0.997489 
-1 -1 -1 -1 -1 
-1 -1 -1 -1 -1 
-1 -1 -1 -1 -1 
-1 -1 -1 -1 -1 
-1 -1 -1 -1 -1 
-1 -1 -1 -1 -1 
-1 -1 -1 -1 -1 
-1 -1 -1 -1 -1 
-1 -1 -1 -1 -1 
96.9277 14.4612 241.884 325.845 0.996672 
-1 -1 -1 -1 -1 
-1 -1 -1 -1 -1 
-1 -1 -1 -1 -1 
-1 -1 -1 -1 -1 
-1 -1 -1 -1 -1 
-1 -1 -1 -1 -1 
-1 -1 -1 -1 -1 
-1 -1 -1 -1 -1 
-1 -1 -1 -1 -1 
96.1559 8.00965 235.125 349.0 0.998637 
-1 -1 -1 -1 -1 
-1 -1 -1 -1 -1 
-1 -1 -1 -1 -1 
-1 -1 -1 -1 -1 
-1 -1 -1 -1 -1 
-1 -1 -1 -1 -1 
-1 -1 -1 -1 -1 
-1 -1 -1 -1 -1 
-1 -1 -1 -1 -1 
130.125 51.4254 236.221 304.866 0.995111 
-1 -1 -1 -1 -1 
-1 -1 -1 -1 -1 
-1 -1 -1 -1 -1 
-1 -1 -1 -1 -1 
-1 -1 -1 -1 -1 
-1 -1 -1 -1 -1 
-1 -1 -1 -1 -1 
-1 -1 -1 -1 -1 
-1 -1 -1 -1 -1 
136.869 11.3073 283.711 330.058 0.904407 
-1 -1 -1 -1 -1 
-1 -1 -1 -1 -1 
-1 -1 -1 -1 -1 
-1 -1 -1 -1 -1 
-1 -1 -1 -1 -1 
-1 -1 -1 -1 -1 
-1 -1 -1 -1 -1 
-1 -1 -1 -1 -1 
-1 -1 -1 -1 -1 
114.647 43.1044 241.89 284.462 0.723863 
118.391 19.8652 200.05 239.256 0.508663 
-1 -1 -1 -1 -1 
-1 -1 -1 -1 -1 
-1 -1 -1 -1 -1 
-1 -1 -1 -1 -1 
-1 -1 -1 -1 -1 
-1 -1 -1 -1 -1 
-1 -1 -1 -1 -1 
-1 -1 -1 -1 -1 
144.925 160.794 219.263 263.084 0.957615 
138.76 58.0775 217.379 172.639 0.935935 
-1 -1 -1 -1 -1 
-1 -1 -1 -1 -1 
-1 -1 -1 -1 -1 
-1 -1 -1 -1 -1 
-1 -1 -1 -1 -1 
-1 -1 -1 -1 -1 
-1 -1 -1 -1 -1 
-1 -1 -1 -1 -1 
90.8516 11.2211 209.581 247.217 0.997635 
106.585 232.85 174.113 342.001 0.114578 
-1 -1 -1 -1 -1 
-1 -1 -1 -1 -1 
-1 -1 -1 -1 -1 
-1 -1 -1 -1 -1 
-1 -1 -1 -1 -1 
-1 -1 -1 -1 -1 
-1 -1 -1 -1 -1 
-1 -1 -1 -1 -1 
123.073 40.752 245.667 303.129 0.995805 
-1 -1 -1 -1 -1 
-1 -1 -1 -1 -1 
-1 -1 -1 -1 -1 
-1 -1 -1 -1 -1 
-1 -1 -1 -1 -1 
-1 -1 -1 -1 -1 
-1 -1 -1 -1 -1 
-1 -1 -1 -1 -1 
-1 -1 -1 -1 -1 
106.929 20.0193 215.648 280.771 0.989936 
-1 -1 -1 -1 -1 
-1 -1 -1 -1 -1 
-1 -1 -1 -1 -1 
-1 -1 -1 -1 -1 
-1 -1 -1 -1 -1 
-1 -1 -1 -1 -1 
-1 -1 -1 -1 -1 
-1 -1 -1 -1 -1 
-1 -1 -1 -1 -1 
137.351 17.3356 258.805 300.913 0.996059 
-1 -1 -1 -1 -1 
-1 -1 -1 -1 -1 
-1 -1 -1 -1 -1 
-1 -1 -1 -1 -1 
-1 -1 -1 -1 -1 
-1 -1 -1 -1 -1 
-1 -1 -1 -1 -1 
-1 -1 -1 -1 -1 
-1 -1 -1 -1 -1 
127.532 23.5073 226.099 283.078 0.996163 
-1 -1 -1 -1 -1 
-1 -1 -1 -1 -1 
-1 -1 -1 -1 -1 
-1 -1 -1 -1 -1 
-1 -1 -1 -1 -1 
-1 -1 -1 -1 -1 
-1 -1 -1 -1 -1 
-1 -1 -1 -1 -1 
-1 -1 -1 -1 -1 
100.091 18.9564 247.792 338.843 0.998323 
-1 -1 -1 -1 -1 
-1 -1 -1 -1 -1 
-1 -1 -1 -1 -1 
-1 -1 -1 -1 -1 
-1 -1 -1 -1 -1 
-1 -1 -1 -1 -1 
-1 -1 -1 -1 -1 
-1 -1 -1 -1 -1 
-1 -1 -1 -1 -1 
95.5265 20.6983 232.572 308.501 0.998585 
-1 -1 -1 -1 -1 
-1 -1 -1 -1 -1 
-1 -1 -1 -1 -1 
-1 -1 -1 -1 -1 
-1 -1 -1 -1 -1 
-1 -1 -1 -1 -1 
-1 -1 -1 -1 -1 
-1 -1 -1 -1 -1 
-1 -1 -1 -1 -1 
101.77 9.1162 237.813 337.593 0.999024 
-1 -1 -1 -1 -1 
-1 -1 -1 -1 -1 
-1 -1 -1 -1 -1 
-1 -1 -1 -1 -1 
-1 -1 -1 -1 -1 
-1 -1 -1 -1 -1 
-1 -1 -1 -1 -1 
-1 -1 -1 -1 -1 
-1 -1 -1 -1 -1 
100.993 8.31525 261.054 349.0 0.99924 
-1 -1 -1 -1 -1 
-1 -1 -1 -1 -1 
-1 -1 -1 -1 -1 
-1 -1 -1 -1 -1 
-1 -1 -1 -1 -1 
-1 -1 -1 -1 -1 
-1 -1 -1 -1 -1 
-1 -1 -1 -1 -1 
-1 -1 -1 -1 -1 
103.736 5.00748 245.314 349.0 0.998346 
-1 -1 -1 -1 -1 
-1 -1 -1 -1 -1 
-1 -1 -1 -1 -1 
-1 -1 -1 -1 -1 
-1 -1 -1 -1 -1 
-1 -1 -1 -1 -1 
-1 -1 -1 -1 -1 
-1 -1 -1 -1 -1 
-1 -1 -1 -1 -1 
138.36 13.2848 272.659 315.107 0.995318 
28.882 76.1094 146.117 349.0 0.241133 
-1 -1 -1 -1 -1 
-1 -1 -1 -1 -1 
-1 -1 -1 -1 -1 
-1 -1 -1 -1 -1 
-1 -1 -1 -1 -1 
-1 -1 -1 -1 -1 
-1 -1 -1 -1 -1 
-1 -1 -1 -1 -1 
102.931 39.092 236.145 308.045 0.997609 
-1 -1 -1 -1 -1 
-1 -1 -1 -1 -1 
-1 -1 -1 -1 -1 
-1 -1 -1 -1 -1 
-1 -1 -1 -1 -1 
-1 -1 -1 -1 -1 
-1 -1 -1 -1 -1 
-1 -1 -1 -1 -1 
-1 -1 -1 -1 -1 
108.348 29.2533 229.07 308.584 0.987877 
125.92 189.14 216.885 296.009 0.261038 
99.8379 46.6342 240.039 129.058 0.123655 
-1 -1 -1 -1 -1 
-1 -1 -1 -1 -1 
-1 -1 -1 -1 -1 
-1 -1 -1 -1 -1 
-1 -1 -1 -1 -1 
-1 -1 -1 -1 -1 
-1 -1 -1 -1 -1 
93.3595 31.3903 233.147 326.901 0.996305 
-1 -1 -1 -1 -1 
-1 -1 -1 -1 -1 
-1 -1 -1 -1 -1 
-1 -1 -1 -1 -1 
-1 -1 -1 -1 -1 
-1 -1 -1 -1 -1 
-1 -1 -1 -1 -1 
-1 -1 -1 -1 -1 
-1 -1 -1 -1 -1 
89.5803 11.3638 244.373 344.115 0.997912 
-1 -1 -1 -1 -1 
-1 -1 -1 -1 -1 
-1 -1 -1 -1 -1 
-1 -1 -1 -1 -1 
-1 -1 -1 -1 -1 
-1 -1 -1 -1 -1 
-1 -1 -1 -1 -1 
-1 -1 -1 -1 -1 
-1 -1 -1 -1 -1 
115.011 4.99536 244.332 317.591 0.995145 
-1 -1 -1 -1 -1 
-1 -1 -1 -1 -1 
-1 -1 -1 -1 -1 
-1 -1 -1 -1 -1 
-1 -1 -1 -1 -1 
-1 -1 -1 -1 -1 
-1 -1 -1 -1 -1 
-1 -1 -1 -1 -1 
-1 -1 -1 -1 -1 
62.6271 6.83562 261.265 230.268 0.976768 
67.4072 112.763 200.349 334.742 0.714508 
155.958 150.61 235.832 224.256 0.516456 
145.655 167.528 236.537 349.0 0.169674 
93.1423 128.963 250.914 346.209 0.1301 
-1 -1 -1 -1 -1 
-1 -1 -1 -1 -1 
-1 -1 -1 -1 -1 
-1 -1 -1 -1 -1 
-1 -1 -1 -1 -1 
125.597 19.9413 257.079 269.824 0.990026 
208.081 7.68422 349.0 329.397 0.329262 
-1 -1 -1 -1 -1 
-1 -1 -1 -1 -1 
-1 -1 -1 -1 -1 
-1 -1 -1 -1 -1 
-1 -1 -1 -1 -1 
-1 -1 -1 -1 -1 
-1 -1 -1 -1 -1 
-1 -1 -1 -1 -1 
99.0704 13.7598 242.489 305.379 0.994399 
-1 -1 -1 -1 -1 
-1 -1 -1 -1 -1 
-1 -1 -1 -1 -1 
-1 -1 -1 -1 -1 
-1 -1 -1 -1 -1 
-1 -1 -1 -1 -1 
-1 -1 -1 -1 -1 
-1 -1 -1 -1 -1 
-1 -1 -1 -1 -1 
130.635 52.0822 290.635 293.761 0.987323 
-1 -1 -1 -1 -1 
-1 -1 -1 -1 -1 
-1 -1 -1 -1 -1 
-1 -1 -1 -1 -1 
-1 -1 -1 -1 -1 
-1 -1 -1 -1 -1 
-1 -1 -1 -1 -1 
-1 -1 -1 -1 -1 
-1 -1 -1 -1 -1 
116.405 48.5059 227.735 315.905 0.994517 
-1 -1 -1 -1 -1 
-1 -1 -1 -1 -1 
-1 -1 -1 -1 -1 
-1 -1 -1 -1 -1 
-1 -1 -1 -1 -1 
-1 -1 -1 -1 -1 
-1 -1 -1 -1 -1 
-1 -1 -1 -1 -1 
-1 -1 -1 -1 -1 
103.477 28.6111 242.262 339.043 0.997925 
-1 -1 -1 -1 -1 
-1 -1 -1 -1 -1 
-1 -1 -1 -1 -1 
-1 -1 -1 -1 -1 
-1 -1 -1 -1 -1 
-1 -1 -1 -1 -1 
-1 -1 -1 -1 -1 
-1 -1 -1 -1 -1 
-1 -1 -1 -1 -1 
122.059 15.154 234.567 286.168 0.987729 
116.965 9.97964 197.885 133.738 0.195242 
-1 -1 -1 -1 -1 
-1 -1 -1 -1 -1 
-1 -1 -1 -1 -1 
-1 -1 -1 -1 -1 
-1 -1 -1 -1 -1 
-1 -1 -1 -1 -1 
-1 -1 -1 -1 -1 
-1 -1 -1 -1 -1 
142.57 21.9139 322.23 288.771 0.97025 
17.7405 66.2426 126.351 287.332 0.910234 
1.37768 154.47 75.8915 296.359 0.366075 
15.5789 82.4245 141.276 288.204 0.209329 
-1 -1 -1 -1 -1 
-1 -1 -1 -1 -1 
-1 -1 -1 -1 -1 
-1 -1 -1 -1 -1 
-1 -1 -1 -1 -1 
-1 -1 -1 -1 -1 
102.627 0.0 248.238 349.0 0.997848 
-1 -1 -1 -1 -1 
-1 -1 -1 -1 -1 
-1 -1 -1 -1 -1 
-1 -1 -1 -1 -1 
-1 -1 -1 -1 -1 
-1 -1 -1 -1 -1 
-1 -1 -1 -1 -1 
-1 -1 -1 -1 -1 
-1 -1 -1 -1 -1 
118.417 37.0296 238.466 301.02 0.997069 
-1 -1 -1 -1 -1 
-1 -1 -1 -1 -1 
-1 -1 -1 -1 -1 
-1 -1 -1 -1 -1 
-1 -1 -1 -1 -1 
-1 -1 -1 -1 -1 
-1 -1 -1 -1 -1 
-1 -1 -1 -1 -1 
-1 -1 -1 -1 -1 
85.0844 25.2021 259.506 328.149 0.991636 
-1 -1 -1 -1 -1 
-1 -1 -1 -1 -1 
-1 -1 -1 -1 -1 
-1 -1 -1 -1 -1 
-1 -1 -1 -1 -1 
-1 -1 -1 -1 -1 
-1 -1 -1 -1 -1 
-1 -1 -1 -1 -1 
-1 -1 -1 -1 -1 
103.951 10.4565 244.743 328.205 0.999405 
-1 -1 -1 -1 -1 
-1 -1 -1 -1 -1 
-1 -1 -1 -1 -1 
-1 -1 -1 -1 -1 
-1 -1 -1 -1 -1 
-1 -1 -1 -1 -1 
-1 -1 -1 -1 -1 
-1 -1 -1 -1 -1 
-1 -1 -1 -1 -1 
94.1219 7.385 239.16 336.605 0.99806 
-1 -1 -1 -1 -1 
-1 -1 -1 -1 -1 
-1 -1 -1 -1 -1 
-1 -1 -1 -1 -1 
-1 -1 -1 -1 -1 
-1 -1 -1 -1 -1 
-1 -1 -1 -1 -1 
-1 -1 -1 -1 -1 
-1 -1 -1 -1 -1 
103.36 6.50885 244.792 341.104 0.996781 
-1 -1 -1 -1 -1 
-1 -1 -1 -1 -1 
-1 -1 -1 -1 -1 
-1 -1 -1 -1 -1 
-1 -1 -1 -1 -1 
-1 -1 -1 -1 -1 
-1 -1 -1 -1 -1 
-1 -1 -1 -1 -1 
-1 -1 -1 -1 -1 
108.75 23.6546 225.785 325.493 0.99742 
199.365 0.0 345.762 349.0 0.466136 
201.773 102.057 347.9 349.0 0.299034 
-1 -1 -1 -1 -1 
-1 -1 -1 -1 -1 
-1 -1 -1 -1 -1 
-1 -1 -1 -1 -1 
-1 -1 -1 -1 -1 
-1 -1 -1 -1 -1 
-1 -1 -1 -1 -1 
104.3 11.8142 229.041 285.612 0.992451 
-1 -1 -1 -1 -1 
-1 -1 -1 -1 -1 
-1 -1 -1 -1 -1 
-1 -1 -1 -1 -1 
-1 -1 -1 -1 -1 
-1 -1 -1 -1 -1 
-1 -1 -1 -1 -1 
-1 -1 -1 -1 -1 
-1 -1 -1 -1 -1 
181.201 23.0103 270.573 288.153 0.977826 
79.3328 29.1726 177.884 285.227 0.420533 
93.5296 0.0 227.81 260.97 0.306355 
-1 -1 -1 -1 -1 
-1 -1 -1 -1 -1 
-1 -1 -1 -1 -1 
-1 -1 -1 -1 -1 
-1 -1 -1 -1 -1 
-1 -1 -1 -1 -1 
-1 -1 -1 -1 -1 
118.031 40.8533 254.387 306.029 0.997806 
-1 -1 -1 -1 -1 
-1 -1 -1 -1 -1 
-1 -1 -1 -1 -1 
-1 -1 -1 -1 -1 
-1 -1 -1 -1 -1 
-1 -1 -1 -1 -1 
-1 -1 -1 -1 -1 
-1 -1 -1 -1 -1 
-1 -1 -1 -1 -1 
135.302 30.5471 235.116 298.005 0.991532 
223.046 154.505 349.0 349.0 0.185913 
-1 -1 -1 -1 -1 
-1 -1 -1 -1 -1 
-1 -1 -1 -1 -1 
-1 -1 -1 -1 -1 
-1 -1 -1 -1 -1 
-1 -1 -1 -1 -1 
-1 -1 -1 -1 -1 
-1 -1 -1 -1 -1 
97.6038 6.70587 247.449 341.962 0.992191 
-1 -1 -1 -1 -1 
-1 -1 -1 -1 -1 
-1 -1 -1 -1 -1 
-1 -1 -1 -1 -1 
-1 -1 -1 -1 -1 
-1 -1 -1 -1 -1 
-1 -1 -1 -1 -1 
-1 -1 -1 -1 -1 
-1 -1 -1 -1 -1 
97.2006 15.0502 237.629 309.838 0.997358 
110.574 22.4754 232.217 345.143 0.311151 
-1 -1 -1 -1 -1 
-1 -1 -1 -1 -1 
-1 -1 -1 -1 -1 
-1 -1 -1 -1 -1 
-1 -1 -1 -1 -1 
-1 -1 -1 -1 -1 
-1 -1 -1 -1 -1 
-1 -1 -1 -1 -1 
131.172 35.8095 232.59 309.299 0.993761 
-1 -1 -1 -1 -1 
-1 -1 -1 -1 -1 
-1 -1 -1 -1 -1 
-1 -1 -1 -1 -1 
-1 -1 -1 -1 -1 
-1 -1 -1 -1 -1 
-1 -1 -1 -1 -1 
-1 -1 -1 -1 -1 
-1 -1 -1 -1 -1 
90.6588 9.08107 238.127 349.0 0.99829 
-1 -1 -1 -1 -1 
-1 -1 -1 -1 -1 
-1 -1 -1 -1 -1 
-1 -1 -1 -1 -1 
-1 -1 -1 -1 -1 
-1 -1 -1 -1 -1 
-1 -1 -1 -1 -1 
-1 -1 -1 -1 -1 
-1 -1 -1 -1 -1 
122.892 47.7258 246.701 305.874 0.997088 
-1 -1 -1 -1 -1 
-1 -1 -1 -1 -1 
-1 -1 -1 -1 -1 
-1 -1 -1 -1 -1 
-1 -1 -1 -1 -1 
-1 -1 -1 -1 -1 
-1 -1 -1 -1 -1 
-1 -1 -1 -1 -1 
-1 -1 -1 -1 -1 
127.71 15.9402 247.863 295.847 0.993962 
-1 -1 -1 -1 -1 
-1 -1 -1 -1 -1 
-1 -1 -1 -1 -1 
-1 -1 -1 -1 -1 
-1 -1 -1 -1 -1 
-1 -1 -1 -1 -1 
-1 -1 -1 -1 -1 
-1 -1 -1 -1 -1 
-1 -1 -1 -1 -1 
104.741 35.5468 247.592 295.193 0.993906 
178.92 109.454 241.648 262.694 0.505198 
-1 -1 -1 -1 -1 
-1 -1 -1 -1 -1 
-1 -1 -1 -1 -1 
-1 -1 -1 -1 -1 
-1 -1 -1 -1 -1 
-1 -1 -1 -1 -1 
-1 -1 -1 -1 -1 
-1 -1 -1 -1 -1 
105.414 32.5188 239.199 218.728 0.987959 
-1 -1 -1 -1 -1 
-1 -1 -1 -1 -1 
-1 -1 -1 -1 -1 
-1 -1 -1 -1 -1 
-1 -1 -1 -1 -1 
-1 -1 -1 -1 -1 
-1 -1 -1 -1 -1 
-1 -1 -1 -1 -1 
-1 -1 -1 -1 -1 
108.101 3.96376 247.506 303.724 0.998386 
-1 -1 -1 -1 -1 
-1 -1 -1 -1 -1 
-1 -1 -1 -1 -1 
-1 -1 -1 -1 -1 
-1 -1 -1 -1 -1 
-1 -1 -1 -1 -1 
-1 -1 -1 -1 -1 
-1 -1 -1 -1 -1 
-1 -1 -1 -1 -1 
87.0504 9.87059 253.454 347.449 0.998927 
-1 -1 -1 -1 -1 
-1 -1 -1 -1 -1 
-1 -1 -1 -1 -1 
-1 -1 -1 -1 -1 
-1 -1 -1 -1 -1 
-1 -1 -1 -1 -1 
-1 -1 -1 -1 -1 
-1 -1 -1 -1 -1 
-1 -1 -1 -1 -1 
107.64 14.5032 227.894 289.819 0.997851 
121.081 193.711 201.308 281.101 0.216095 
-1 -1 -1 -1 -1 
-1 -1 -1 -1 -1 
-1 -1 -1 -1 -1 
-1 -1 -1 -1 -1 
-1 -1 -1 -1 -1 
-1 -1 -1 -1 -1 
-1 -1 -1 -1 -1 
-1 -1 -1 -1 -1 
102.203 30.4624 233.565 312.825 0.987012 
137.02 173.668 222.964 297.81 0.687232 
0.0 135.193 191.96 327.688 0.151833 
-1 -1 -1 -1 -1 
-1 -1 -1 -1 -1 
-1 -1 -1 -1 -1 
-1 -1 -1 -1 -1 
-1 -1 -1 -1 -1 
-1 -1 -1 -1 -1 
-1 -1 -1 -1 -1 
137.713 33.1599 238.883 291.822 0.993954 
227.538 163.161 349.0 349.0 0.138988 
-1 -1 -1 -1 -1 
-1 -1 -1 -1 -1 
-1 -1 -1 -1 -1 
-1 -1 -1 -1 -1 
-1 -1 -1 -1 -1 
-1 -1 -1 -1 -1 
-1 -1 -1 -1 -1 
-1 -1 -1 -1 -1 
134.48 18.0878 247.546 238.614 0.991239 
-1 -1 -1 -1 -1 
-1 -1 -1 -1 -1 
-1 -1 -1 -1 -1 
-1 -1 -1 -1 -1 
-1 -1 -1 -1 -1 
-1 -1 -1 -1 -1 
-1 -1 -1 -1 -1 
-1 -1 -1 -1 -1 
-1 -1 -1 -1 -1 
71.6507 7.78217 225.72 331.852 0.997869 
92.3066 178.899 209.984 295.428 0.142396 
-1 -1 -1 -1 -1 
-1 -1 -1 -1 -1 
-1 -1 -1 -1 -1 
-1 -1 -1 -1 -1 
-1 -1 -1 -1 -1 
-1 -1 -1 -1 -1 
-1 -1 -1 -1 -1 
-1 -1 -1 -1 -1 
33.804 28.1695 228.443 313.357 0.910282 
23.3031 129.746 339.126 321.891 0.847191 
151.137 51.3761 313.655 332.591 0.515665 
4.08597 13.9681 278.607 224.039 0.198108 
-1 -1 -1 -1 -1 
-1 -1 -1 -1 -1 
-1 -1 -1 -1 -1 
-1 -1 -1 -1 -1 
-1 -1 -1 -1 -1 
-1 -1 -1 -1 -1 
90.5966 7.61753 243.164 349.0 0.998858 
-1 -1 -1 -1 -1 
-1 -1 -1 -1 -1 
-1 -1 -1 -1 -1 
-1 -1 -1 -1 -1 
-1 -1 -1 -1 -1 
-1 -1 -1 -1 -1 
-1 -1 -1 -1 -1 
-1 -1 -1 -1 -1 
-1 -1 -1 -1 -1 
79.0372 22.8159 200.141 299.919 0.997722 
-1 -1 -1 -1 -1 
-1 -1 -1 -1 -1 
-1 -1 -1 -1 -1 
-1 -1 -1 -1 -1 
-1 -1 -1 -1 -1 
-1 -1 -1 -1 -1 
-1 -1 -1 -1 -1 
-1 -1 -1 -1 -1 
-1 -1 -1 -1 -1 
134.445 16.0059 249.793 225.799 0.991541 
180.677 107.853 243.689 216.915 0.279051 
-1 -1 -1 -1 -1 
-1 -1 -1 -1 -1 
-1 -1 -1 -1 -1 
-1 -1 -1 -1 -1 
-1 -1 -1 -1 -1 
-1 -1 -1 -1 -1 
-1 -1 -1 -1 -1 
-1 -1 -1 -1 -1 
102.161 13.0231 236.486 341.819 0.999207 
-1 -1 -1 -1 -1 
-1 -1 -1 -1 -1 
-1 -1 -1 -1 -1 
-1 -1 -1 -1 -1 
-1 -1 -1 -1 -1 
-1 -1 -1 -1 -1 
-1 -1 -1 -1 -1 
-1 -1 -1 -1 -1 
-1 -1 -1 -1 -1 
75.9388 27.0339 208.865 300.028 0.993372 
83.0718 14.0888 219.061 109.846 0.404848 
150.39 237.943 199.237 316.968 0.122874 
-1 -1 -1 -1 -1 
-1 -1 -1 -1 -1 
-1 -1 -1 -1 -1 
-1 -1 -1 -1 -1 
-1 -1 -1 -1 -1 
-1 -1 -1 -1 -1 
-1 -1 -1 -1 -1 
115.21 27.5095 245.298 318.606 0.99687 
-1 -1 -1 -1 -1 
-1 -1 -1 -1 -1 
-1 -1 -1 -1 -1 
-1 -1 -1 -1 -1 
-1 -1 -1 -1 -1 
-1 -1 -1 -1 -1 
-1 -1 -1 -1 -1 
-1 -1 -1 -1 -1 
-1 -1 -1 -1 -1 
106.247 40.7874 220.926 288.136 0.995152 
171.615 9.31388 283.82 256.354 0.565386 
90.6056 1.46346 135.94 57.0922 0.10683 
-1 -1 -1 -1 -1 
-1 -1 -1 -1 -1 
-1 -1 -1 -1 -1 
-1 -1 -1 -1 -1 
-1 -1 -1 -1 -1 
-1 -1 -1 -1 -1 
-1 -1 -1 -1 -1 
198.902 52.2034 292.537 297.72 0.970763 
204.986 194.06 291.516 268.698 0.183634 
-1 -1 -1 -1 -1 
-1 -1 -1 -1 -1 
-1 -1 -1 -1 -1 
-1 -1 -1 -1 -1 
-1 -1 -1 -1 -1 
-1 -1 -1 -1 -1 
-1 -1 -1 -1 -1 
-1 -1 -1 -1 -1 
33.2368 149.357 153.201 336.752 0.963223 
247.301 1.32676 322.315 199.637 0.925508 
132.34 166.848 349.0 339.048 0.713269 
65.183 42.2465 141.761 164.288 0.584848 
114.164 0.0 315.513 219.517 0.257927 
175.109 188.897 349.0 348.376 0.190305 
13.6443 64.2809 138.646 267.384 0.18733 
57.6017 58.3343 302.741 332.607 0.118098 
-1 -1 -1 -1 -1 
-1 -1 -1 -1 -1 
99.8761 13.9077 250.855 286.263 0.969913 
106.683 41.9943 257.633 309.0 0.377267 
125.92 218.76 263.417 308.074 0.16508 
-1 -1 -1 -1 -1 
-1 -1 -1 -1 -1 
-1 -1 -1 -1 -1 
-1 -1 -1 -1 -1 
-1 -1 -1 -1 -1 
-1 -1 -1 -1 -1 
-1 -1 -1 -1 -1 
210.166 117.986 295.793 309.797 0.946632 
41.2144 61.524 129.757 170.508 0.919925 
48.7457 70.8416 171.163 321.029 0.907201 
205.957 15.6374 283.813 202.246 0.122906 
-1 -1 -1 -1 -1 
-1 -1 -1 -1 -1 
-1 -1 -1 -1 -1 
-1 -1 -1 -1 -1 
-1 -1 -1 -1 -1 
-1 -1 -1 -1 -1 
