960
5
5.69054 64.7029 315.481 348.696 0.97127 
-1 -1 -1 -1 -1 
-1 -1 -1 -1 -1 
-1 -1 -1 -1 -1 
-1 -1 -1 -1 -1 
-1 -1 -1 -1 -1 
-1 -1 -1 -1 -1 
-1 -1 -1 -1 -1 
-1 -1 -1 -1 -1 
-1 -1 -1 -1 -1 
0.989416 52.4822 290.14 342.626 0.989273 
125.435 103.094 226.853 349.0 0.478894 
107.392 41.3212 182.005 349.0 0.116283 
55.3521 87.1838 141.151 348.745 0.105753 
107.704 91.0657 175.45 161.136 0.104309 
-1 -1 -1 -1 -1 
-1 -1 -1 -1 -1 
-1 -1 -1 -1 -1 
-1 -1 -1 -1 -1 
-1 -1 -1 -1 -1 
14.9236 74.8645 349.0 332.385 0.979337 
236.129 112.812 347.843 323.57 0.184688 
2.98436 123.144 119.577 349.0 0.166808 
308.292 166.788 346.306 309.567 0.14084 
85.7597 68.4847 182.657 349.0 0.119704 
-1 -1 -1 -1 -1 
-1 -1 -1 -1 -1 
-1 -1 -1 -1 -1 
-1 -1 -1 -1 -1 
-1 -1 -1 -1 -1 
0.0 25.2393 331.569 349.0 0.998575 
185.558 118.95 318.007 349.0 0.222023 
101.374 46.9373 230.207 284.892 0.117075 
-1 -1 -1 -1 -1 
-1 -1 -1 -1 -1 
-1 -1 -1 -1 -1 
-1 -1 -1 -1 -1 
-1 -1 -1 -1 -1 
-1 -1 -1 -1 -1 
-1 -1 -1 -1 -1 
0.0 27.3766 338.752 339.672 0.994337 
88.1415 61.1259 255.11 191.968 0.137561 
290.669 0.0 349.0 246.282 0.121891 
-1 -1 -1 -1 -1 
-1 -1 -1 -1 -1 
-1 -1 -1 -1 -1 
-1 -1 -1 -1 -1 
-1 -1 -1 -1 -1 
-1 -1 -1 -1 -1 
-1 -1 -1 -1 -1 
31.5473 51.0362 288.737 349.0 0.994004 
-1 -1 -1 -1 -1 
-1 -1 -1 -1 -1 
-1 -1 -1 -1 -1 
-1 -1 -1 -1 -1 
-1 -1 -1 -1 -1 
-1 -1 -1 -1 -1 
-1 -1 -1 -1 -1 
-1 -1 -1 -1 -1 
-1 -1 -1 -1 -1 
149.414 72.7067 340.375 349.0 0.941323 
9.9809 94.4499 128.492 349.0 0.721054 
224.709 40.5587 298.649 320.344 0.425854 
0.0 100.851 245.047 349.0 0.350937 
38.7344 91.2227 301.699 331.807 0.273082 
109.508 121.15 190.588 283.76 0.186073 
26.0441 161.288 120.913 343.813 0.185477 
-1 -1 -1 -1 -1 
-1 -1 -1 -1 -1 
-1 -1 -1 -1 -1 
0.725069 48.6159 337.345 349.0 0.997538 
-1 -1 -1 -1 -1 
-1 -1 -1 -1 -1 
-1 -1 -1 -1 -1 
-1 -1 -1 -1 -1 
-1 -1 -1 -1 -1 
-1 -1 -1 -1 -1 
-1 -1 -1 -1 -1 
-1 -1 -1 -1 -1 
-1 -1 -1 -1 -1 
43.6994 22.7772 307.617 349.0 0.978347 
144.43 107.1 246.892 349.0 0.313112 
55.625 70.2876 240.553 206.168 0.100173 
-1 -1 -1 -1 -1 
-1 -1 -1 -1 -1 
-1 -1 -1 -1 -1 
-1 -1 -1 -1 -1 
-1 -1 -1 -1 -1 
-1 -1 -1 -1 -1 
-1 -1 -1 -1 -1 
0.0 38.0974 328.991 347.146 0.996077 
114.272 37.6869 240.353 272.591 0.102094 
-1 -1 -1 -1 -1 
-1 -1 -1 -1 -1 
-1 -1 -1 -1 -1 
-1 -1 -1 -1 -1 
-1 -1 -1 -1 -1 
-1 -1 -1 -1 -1 
-1 -1 -1 -1 -1 
-1 -1 -1 -1 -1 
47.1937 62.3025 276.67 349.0 0.969352 
127.216 42.0279 224.356 252.378 0.201005 
-1 -1 -1 -1 -1 
-1 -1 -1 -1 -1 
-1 -1 -1 -1 -1 
-1 -1 -1 -1 -1 
-1 -1 -1 -1 -1 
-1 -1 -1 -1 -1 
-1 -1 -1 -1 -1 
-1 -1 -1 -1 -1 
5.22424 85.9333 303.08 348.294 0.99837 
-1 -1 -1 -1 -1 
-1 -1 -1 -1 -1 
-1 -1 -1 -1 -1 
-1 -1 -1 -1 -1 
-1 -1 -1 -1 -1 
-1 -1 -1 -1 -1 
-1 -1 -1 -1 -1 
-1 -1 -1 -1 -1 
-1 -1 -1 -1 -1 
0.0 42.6271 326.019 331.45 0.989801 
207.198 122.719 333.525 341.388 0.196602 
-1 -1 -1 -1 -1 
-1 -1 -1 -1 -1 
-1 -1 -1 -1 -1 
-1 -1 -1 -1 -1 
-1 -1 -1 -1 -1 
-1 -1 -1 -1 -1 
-1 -1 -1 -1 -1 
-1 -1 -1 -1 -1 
20.7426 68.757 322.875 349.0 0.997537 
-1 -1 -1 -1 -1 
-1 -1 -1 -1 -1 
-1 -1 -1 -1 -1 
-1 -1 -1 -1 -1 
-1 -1 -1 -1 -1 
-1 -1 -1 -1 -1 
-1 -1 -1 -1 -1 
-1 -1 -1 -1 -1 
-1 -1 -1 -1 -1 
16.4369 84.6029 322.764 342.649 0.891416 
101.19 48.3796 187.477 215.238 0.307325 
141.172 159.844 241.97 341.328 0.127482 
91.2439 245.569 333.561 337.11 0.114968 
-1 -1 -1 -1 -1 
-1 -1 -1 -1 -1 
-1 -1 -1 -1 -1 
-1 -1 -1 -1 -1 
-1 -1 -1 -1 -1 
-1 -1 -1 -1 -1 
16.7925 50.0053 317.962 349.0 0.997279 
-1 -1 -1 -1 -1 
-1 -1 -1 -1 -1 
-1 -1 -1 -1 -1 
-1 -1 -1 -1 -1 
-1 -1 -1 -1 -1 
-1 -1 -1 -1 -1 
-1 -1 -1 -1 -1 
-1 -1 -1 -1 -1 
-1 -1 -1 -1 -1 
101.634 22.0977 292.42 341.364 0.966189 
132.79 100.65 278.545 249.246 0.407689 
88.8946 50.3166 194.251 345.298 0.117441 
105.565 125.509 140.632 216.115 0.116145 
145.774 53.0221 202.457 221.04 0.100771 
-1 -1 -1 -1 -1 
-1 -1 -1 -1 -1 
-1 -1 -1 -1 -1 
-1 -1 -1 -1 -1 
-1 -1 -1 -1 -1 
6.62271 38.1273 319.03 347.525 0.994392 
113.004 42.3886 303.16 303.363 0.228445 
71.5746 54.3354 256.224 196.39 0.170784 
-1 -1 -1 -1 -1 
-1 -1 -1 -1 -1 
-1 -1 -1 -1 -1 
-1 -1 -1 -1 -1 
-1 -1 -1 -1 -1 
-1 -1 -1 -1 -1 
-1 -1 -1 -1 -1 
0.0 40.7866 288.556 349.0 0.995852 
96.5227 73.4763 206.541 272.361 0.225026 
-1 -1 -1 -1 -1 
-1 -1 -1 -1 -1 
-1 -1 -1 -1 -1 
-1 -1 -1 -1 -1 
-1 -1 -1 -1 -1 
-1 -1 -1 -1 -1 
-1 -1 -1 -1 -1 
-1 -1 -1 -1 -1 
15.8677 38.7499 309.461 337.578 0.99492 
-1 -1 -1 -1 -1 
-1 -1 -1 -1 -1 
-1 -1 -1 -1 -1 
-1 -1 -1 -1 -1 
-1 -1 -1 -1 -1 
-1 -1 -1 -1 -1 
-1 -1 -1 -1 -1 
-1 -1 -1 -1 -1 
-1 -1 -1 -1 -1 
10.3759 62.0638 326.388 349.0 0.995745 
67.8622 65.5168 264.794 198.134 0.204198 
-1 -1 -1 -1 -1 
-1 -1 -1 -1 -1 
-1 -1 -1 -1 -1 
-1 -1 -1 -1 -1 
-1 -1 -1 -1 -1 
-1 -1 -1 -1 -1 
-1 -1 -1 -1 -1 
-1 -1 -1 -1 -1 
15.8815 44.0941 325.277 340.131 0.998569 
52.9733 113.691 173.393 345.496 0.221826 
-1 -1 -1 -1 -1 
-1 -1 -1 -1 -1 
-1 -1 -1 -1 -1 
-1 -1 -1 -1 -1 
-1 -1 -1 -1 -1 
-1 -1 -1 -1 -1 
-1 -1 -1 -1 -1 
-1 -1 -1 -1 -1 
20.8522 66.2929 308.861 349.0 0.996507 
-1 -1 -1 -1 -1 
-1 -1 -1 -1 -1 
-1 -1 -1 -1 -1 
-1 -1 -1 -1 -1 
-1 -1 -1 -1 -1 
-1 -1 -1 -1 -1 
-1 -1 -1 -1 -1 
-1 -1 -1 -1 -1 
-1 -1 -1 -1 -1 
11.9315 29.369 321.756 346.541 0.983427 
76.5327 138.658 190.251 347.948 0.282621 
74.3587 52.5481 245.44 217.281 0.213947 
131.36 34.5349 229.698 278.161 0.104504 
110.076 55.5214 255.258 118.439 0.104242 
-1 -1 -1 -1 -1 
-1 -1 -1 -1 -1 
-1 -1 -1 -1 -1 
-1 -1 -1 -1 -1 
-1 -1 -1 -1 -1 
0.0 68.8535 282.837 345.719 0.99598 
-1 -1 -1 -1 -1 
-1 -1 -1 -1 -1 
-1 -1 -1 -1 -1 
-1 -1 -1 -1 -1 
-1 -1 -1 -1 -1 
-1 -1 -1 -1 -1 
-1 -1 -1 -1 -1 
-1 -1 -1 -1 -1 
-1 -1 -1 -1 -1 
13.7593 7.04864 302.119 349.0 0.998152 
69.223 113.69 189.414 346.34 0.624557 
133.317 200.107 317.83 338.587 0.236736 
-1 -1 -1 -1 -1 
-1 -1 -1 -1 -1 
-1 -1 -1 -1 -1 
-1 -1 -1 -1 -1 
-1 -1 -1 -1 -1 
-1 -1 -1 -1 -1 
-1 -1 -1 -1 -1 
34.094 44.0626 329.192 339.694 0.994929 
144.46 25.1747 219.875 273.92 0.181581 
134.411 54.1556 225.102 121.209 0.113093 
132.373 25.2591 227.562 266.338 0.103738 
-1 -1 -1 -1 -1 
-1 -1 -1 -1 -1 
-1 -1 -1 -1 -1 
-1 -1 -1 -1 -1 
-1 -1 -1 -1 -1 
-1 -1 -1 -1 -1 
0.0 49.3291 225.89 338.534 0.97385 
-1 -1 -1 -1 -1 
-1 -1 -1 -1 -1 
-1 -1 -1 -1 -1 
-1 -1 -1 -1 -1 
-1 -1 -1 -1 -1 
-1 -1 -1 -1 -1 
-1 -1 -1 -1 -1 
-1 -1 -1 -1 -1 
-1 -1 -1 -1 -1 
24.8548 33.9028 287.547 349.0 0.998987 
58.3364 111.805 159.71 349.0 0.108446 
-1 -1 -1 -1 -1 
-1 -1 -1 -1 -1 
-1 -1 -1 -1 -1 
-1 -1 -1 -1 -1 
-1 -1 -1 -1 -1 
-1 -1 -1 -1 -1 
-1 -1 -1 -1 -1 
-1 -1 -1 -1 -1 
33.2424 22.0533 295.46 349.0 0.968081 
201.074 146.154 303.475 349.0 0.470013 
63.5797 71.4599 243.716 201.654 0.292474 
-1 -1 -1 -1 -1 
-1 -1 -1 -1 -1 
-1 -1 -1 -1 -1 
-1 -1 -1 -1 -1 
-1 -1 -1 -1 -1 
-1 -1 -1 -1 -1 
-1 -1 -1 -1 -1 
22.4107 48.327 298.834 349.0 0.994868 
85.7306 78.603 199.297 296.436 0.148275 
-1 -1 -1 -1 -1 
-1 -1 -1 -1 -1 
-1 -1 -1 -1 -1 
-1 -1 -1 -1 -1 
-1 -1 -1 -1 -1 
-1 -1 -1 -1 -1 
-1 -1 -1 -1 -1 
-1 -1 -1 -1 -1 
75.2666 61.0433 308.39 349.0 0.988037 
160.481 64.1159 260.461 193.677 0.485065 
-1 -1 -1 -1 -1 
-1 -1 -1 -1 -1 
-1 -1 -1 -1 -1 
-1 -1 -1 -1 -1 
-1 -1 -1 -1 -1 
-1 -1 -1 -1 -1 
-1 -1 -1 -1 -1 
-1 -1 -1 -1 -1 
6.31577 36.9818 312.904 349.0 0.99701 
102.794 68.0606 226.702 288.457 0.224259 
-1 -1 -1 -1 -1 
-1 -1 -1 -1 -1 
-1 -1 -1 -1 -1 
-1 -1 -1 -1 -1 
-1 -1 -1 -1 -1 
-1 -1 -1 -1 -1 
-1 -1 -1 -1 -1 
-1 -1 -1 -1 -1 
29.5384 50.6094 301.963 327.413 0.997825 
264.393 0.0 349.0 297.84 0.147267 
-1 -1 -1 -1 -1 
-1 -1 -1 -1 -1 
-1 -1 -1 -1 -1 
-1 -1 -1 -1 -1 
-1 -1 -1 -1 -1 
-1 -1 -1 -1 -1 
-1 -1 -1 -1 -1 
-1 -1 -1 -1 -1 
0.0 55.8152 327.378 345.868 0.992127 
-1 -1 -1 -1 -1 
-1 -1 -1 -1 -1 
-1 -1 -1 -1 -1 
-1 -1 -1 -1 -1 
-1 -1 -1 -1 -1 
-1 -1 -1 -1 -1 
-1 -1 -1 -1 -1 
-1 -1 -1 -1 -1 
-1 -1 -1 -1 -1 
25.3104 50.6593 297.496 349.0 0.990891 
-1 -1 -1 -1 -1 
-1 -1 -1 -1 -1 
-1 -1 -1 -1 -1 
-1 -1 -1 -1 -1 
-1 -1 -1 -1 -1 
-1 -1 -1 -1 -1 
-1 -1 -1 -1 -1 
-1 -1 -1 -1 -1 
-1 -1 -1 -1 -1 
59.4833 86.0197 327.072 349.0 0.978182 
201.76 104.911 279.775 348.762 0.38065 
-1 -1 -1 -1 -1 
-1 -1 -1 -1 -1 
-1 -1 -1 -1 -1 
-1 -1 -1 -1 -1 
-1 -1 -1 -1 -1 
-1 -1 -1 -1 -1 
-1 -1 -1 -1 -1 
-1 -1 -1 -1 -1 
29.6145 28.6269 301.849 341.552 0.994468 
63.8696 41.6769 285.893 155.065 0.751828 
190.055 134.226 274.63 349.0 0.11742 
-1 -1 -1 -1 -1 
-1 -1 -1 -1 -1 
-1 -1 -1 -1 -1 
-1 -1 -1 -1 -1 
-1 -1 -1 -1 -1 
-1 -1 -1 -1 -1 
-1 -1 -1 -1 -1 
4.40223 32.9948 331.5 347.33 0.991745 
-1 -1 -1 -1 -1 
-1 -1 -1 -1 -1 
-1 -1 -1 -1 -1 
-1 -1 -1 -1 -1 
-1 -1 -1 -1 -1 
-1 -1 -1 -1 -1 
-1 -1 -1 -1 -1 
-1 -1 -1 -1 -1 
-1 -1 -1 -1 -1 
9.04762 77.0215 325.639 349.0 0.994934 
-1 -1 -1 -1 -1 
-1 -1 -1 -1 -1 
-1 -1 -1 -1 -1 
-1 -1 -1 -1 -1 
-1 -1 -1 -1 -1 
-1 -1 -1 -1 -1 
-1 -1 -1 -1 -1 
-1 -1 -1 -1 -1 
-1 -1 -1 -1 -1 
4.62994 31.3755 331.095 349.0 0.998208 
126.563 180.082 317.595 338.449 0.195804 
21.6959 155.213 162.934 344.983 0.189574 
131.317 72.6091 224.645 126.551 0.107621 
-1 -1 -1 -1 -1 
-1 -1 -1 -1 -1 
-1 -1 -1 -1 -1 
-1 -1 -1 -1 -1 
-1 -1 -1 -1 -1 
-1 -1 -1 -1 -1 
0.0 75.8617 349.0 347.671 0.979707 
157.333 197.024 347.595 339.997 0.695658 
19.4207 32.6127 146.771 268.352 0.411118 
158.102 87.0851 335.382 238.137 0.200989 
247.13 157.95 342.873 240.095 0.109068 
-1 -1 -1 -1 -1 
-1 -1 -1 -1 -1 
-1 -1 -1 -1 -1 
-1 -1 -1 -1 -1 
-1 -1 -1 -1 -1 
21.8014 126.107 329.168 349.0 0.922205 
198.596 91.6891 309.528 263.846 0.11072 
130.69 139.45 225.681 349.0 0.102793 
-1 -1 -1 -1 -1 
-1 -1 -1 -1 -1 
-1 -1 -1 -1 -1 
-1 -1 -1 -1 -1 
-1 -1 -1 -1 -1 
-1 -1 -1 -1 -1 
-1 -1 -1 -1 -1 
18.2331 42.6447 306.506 338.772 0.998516 
-1 -1 -1 -1 -1 
-1 -1 -1 -1 -1 
-1 -1 -1 -1 -1 
-1 -1 -1 -1 -1 
-1 -1 -1 -1 -1 
-1 -1 -1 -1 -1 
-1 -1 -1 -1 -1 
-1 -1 -1 -1 -1 
-1 -1 -1 -1 -1 
20.1697 36.8972 327.606 337.834 0.998202 
37.1767 20.7702 129.898 336.847 0.170039 
-1 -1 -1 -1 -1 
-1 -1 -1 -1 -1 
-1 -1 -1 -1 -1 
-1 -1 -1 -1 -1 
-1 -1 -1 -1 -1 
-1 -1 -1 -1 -1 
-1 -1 -1 -1 -1 
-1 -1 -1 -1 -1 
0.0 36.264 312.739 349.0 0.990928 
75.6857 92.5408 188.389 349.0 0.589604 
60.9095 0.0 148.953 142.63 0.2089 
-1 -1 -1 -1 -1 
-1 -1 -1 -1 -1 
-1 -1 -1 -1 -1 
-1 -1 -1 -1 -1 
-1 -1 -1 -1 -1 
-1 -1 -1 -1 -1 
-1 -1 -1 -1 -1 
15.2549 15.6809 317.774 345.669 0.997272 
69.4761 154.839 342.308 277.141 0.129025 
-1 -1 -1 -1 -1 
-1 -1 -1 -1 -1 
-1 -1 -1 -1 -1 
-1 -1 -1 -1 -1 
-1 -1 -1 -1 -1 
-1 -1 -1 -1 -1 
-1 -1 -1 -1 -1 
-1 -1 -1 -1 -1 
0.022267 52.8682 325.784 349.0 0.998711 
-1 -1 -1 -1 -1 
-1 -1 -1 -1 -1 
-1 -1 -1 -1 -1 
-1 -1 -1 -1 -1 
-1 -1 -1 -1 -1 
-1 -1 -1 -1 -1 
-1 -1 -1 -1 -1 
-1 -1 -1 -1 -1 
-1 -1 -1 -1 -1 
1.99509 28.9868 317.651 341.996 0.999641 
-1 -1 -1 -1 -1 
-1 -1 -1 -1 -1 
-1 -1 -1 -1 -1 
-1 -1 -1 -1 -1 
-1 -1 -1 -1 -1 
-1 -1 -1 -1 -1 
-1 -1 -1 -1 -1 
-1 -1 -1 -1 -1 
-1 -1 -1 -1 -1 
0.0 33.9074 337.421 349.0 0.990414 
253.823 90.8019 332.25 222.575 0.219088 
60.2913 129.959 304.514 222.302 0.144689 
178.136 80.0098 284.03 347.475 0.112182 
-1 -1 -1 -1 -1 
-1 -1 -1 -1 -1 
-1 -1 -1 -1 -1 
-1 -1 -1 -1 -1 
-1 -1 -1 -1 -1 
-1 -1 -1 -1 -1 
23.5145 75.3621 326.498 349.0 0.985454 
-1 -1 -1 -1 -1 
-1 -1 -1 -1 -1 
-1 -1 -1 -1 -1 
-1 -1 -1 -1 -1 
-1 -1 -1 -1 -1 
-1 -1 -1 -1 -1 
-1 -1 -1 -1 -1 
-1 -1 -1 -1 -1 
-1 -1 -1 -1 -1 
7.52267 39.0476 339.311 349.0 0.995226 
199.764 56.4724 302.075 349.0 0.17443 
110.034 59.6403 227.86 262.347 0.143645 
-1 -1 -1 -1 -1 
-1 -1 -1 -1 -1 
-1 -1 -1 -1 -1 
-1 -1 -1 -1 -1 
-1 -1 -1 -1 -1 
-1 -1 -1 -1 -1 
-1 -1 -1 -1 -1 
21.2761 43.8507 328.963 338.163 0.997692 
63.5368 114.351 298.39 219.424 0.131472 
-1 -1 -1 -1 -1 
-1 -1 -1 -1 -1 
-1 -1 -1 -1 -1 
-1 -1 -1 -1 -1 
-1 -1 -1 -1 -1 
-1 -1 -1 -1 -1 
-1 -1 -1 -1 -1 
-1 -1 -1 -1 -1 
21.3384 147.691 311.947 337.531 0.98047 
31.5865 68.117 295.598 179.152 0.81959 
155.306 0.0 325.056 265.069 0.466099 
-1 -1 -1 -1 -1 
-1 -1 -1 -1 -1 
-1 -1 -1 -1 -1 
-1 -1 -1 -1 -1 
-1 -1 -1 -1 -1 
-1 -1 -1 -1 -1 
-1 -1 -1 -1 -1 
13.6385 0.0 285.874 347.735 0.956312 
109.382 0.0 219.721 212.906 0.343347 
-1 -1 -1 -1 -1 
-1 -1 -1 -1 -1 
-1 -1 -1 -1 -1 
-1 -1 -1 -1 -1 
-1 -1 -1 -1 -1 
-1 -1 -1 -1 -1 
-1 -1 -1 -1 -1 
-1 -1 -1 -1 -1 
2.58389 79.2021 331.291 349.0 0.982602 
119.691 31.5226 219.847 284.146 0.114408 
100.322 53.9766 214.859 285.572 0.103662 
-1 -1 -1 -1 -1 
-1 -1 -1 -1 -1 
-1 -1 -1 -1 -1 
-1 -1 -1 -1 -1 
-1 -1 -1 -1 -1 
-1 -1 -1 -1 -1 
-1 -1 -1 -1 -1 
35.1637 31.1819 210.321 345.359 0.834185 
178.049 159.247 341.874 349.0 0.547562 
167.937 92.0094 312.007 279.237 0.146145 
74.9339 23.3071 177.74 289.874 0.107533 
79.4229 31.0987 165.729 208.705 0.106185 
-1 -1 -1 -1 -1 
-1 -1 -1 -1 -1 
-1 -1 -1 -1 -1 
-1 -1 -1 -1 -1 
-1 -1 -1 -1 -1 
20.7205 21.965 304.291 344.489 0.995986 
178.912 135.201 295.495 346.725 0.261628 
115.67 60.2317 246.696 245.156 0.156489 
-1 -1 -1 -1 -1 
-1 -1 -1 -1 -1 
-1 -1 -1 -1 -1 
-1 -1 -1 -1 -1 
-1 -1 -1 -1 -1 
-1 -1 -1 -1 -1 
-1 -1 -1 -1 -1 
0.0 17.7181 272.862 321.371 0.995173 
169.297 0.0 339.28 349.0 0.66682 
-1 -1 -1 -1 -1 
-1 -1 -1 -1 -1 
-1 -1 -1 -1 -1 
-1 -1 -1 -1 -1 
-1 -1 -1 -1 -1 
-1 -1 -1 -1 -1 
-1 -1 -1 -1 -1 
-1 -1 -1 -1 -1 
86.9354 21.2621 343.796 347.118 0.966909 
74.6372 77.7322 197.895 349.0 0.190005 
101.796 119.323 205.024 349.0 0.118561 
-1 -1 -1 -1 -1 
-1 -1 -1 -1 -1 
-1 -1 -1 -1 -1 
-1 -1 -1 -1 -1 
-1 -1 -1 -1 -1 
-1 -1 -1 -1 -1 
-1 -1 -1 -1 -1 
31.7844 17.6512 258.054 349.0 0.993603 
176.883 29.6527 331.294 349.0 0.379465 
80.0043 79.7927 220.144 214.086 0.272998 
-1 -1 -1 -1 -1 
-1 -1 -1 -1 -1 
-1 -1 -1 -1 -1 
-1 -1 -1 -1 -1 
-1 -1 -1 -1 -1 
-1 -1 -1 -1 -1 
-1 -1 -1 -1 -1 
65.8896 50.9393 303.364 349.0 0.990623 
187.348 104.212 267.254 349.0 0.131683 
-1 -1 -1 -1 -1 
-1 -1 -1 -1 -1 
-1 -1 -1 -1 -1 
-1 -1 -1 -1 -1 
-1 -1 -1 -1 -1 
-1 -1 -1 -1 -1 
-1 -1 -1 -1 -1 
-1 -1 -1 -1 -1 
115.635 52.083 349.0 349.0 0.994645 
-1 -1 -1 -1 -1 
-1 -1 -1 -1 -1 
-1 -1 -1 -1 -1 
-1 -1 -1 -1 -1 
-1 -1 -1 -1 -1 
-1 -1 -1 -1 -1 
-1 -1 -1 -1 -1 
-1 -1 -1 -1 -1 
-1 -1 -1 -1 -1 
24.3339 40.8125 330.48 349.0 0.991239 
106.565 40.4138 217.219 275.359 0.106035 
-1 -1 -1 -1 -1 
-1 -1 -1 -1 -1 
-1 -1 -1 -1 -1 
-1 -1 -1 -1 -1 
-1 -1 -1 -1 -1 
-1 -1 -1 -1 -1 
-1 -1 -1 -1 -1 
-1 -1 -1 -1 -1 
24.0774 62.1611 299.88 347.635 0.998451 
-1 -1 -1 -1 -1 
-1 -1 -1 -1 -1 
-1 -1 -1 -1 -1 
-1 -1 -1 -1 -1 
-1 -1 -1 -1 -1 
-1 -1 -1 -1 -1 
-1 -1 -1 -1 -1 
-1 -1 -1 -1 -1 
-1 -1 -1 -1 -1 
65.134 49.9479 347.47 349.0 0.94019 
154.789 47.7451 303.904 267.976 0.555858 
244.495 40.6446 301.584 172.445 0.139823 
280.571 27.5168 349.0 349.0 0.119323 
-1 -1 -1 -1 -1 
-1 -1 -1 -1 -1 
-1 -1 -1 -1 -1 
-1 -1 -1 -1 -1 
-1 -1 -1 -1 -1 
-1 -1 -1 -1 -1 
0.569974 40.2298 337.291 348.808 0.998582 
-1 -1 -1 -1 -1 
-1 -1 -1 -1 -1 
-1 -1 -1 -1 -1 
-1 -1 -1 -1 -1 
-1 -1 -1 -1 -1 
-1 -1 -1 -1 -1 
-1 -1 -1 -1 -1 
-1 -1 -1 -1 -1 
-1 -1 -1 -1 -1 
9.31634 31.6185 306.916 347.373 0.996083 
-1 -1 -1 -1 -1 
-1 -1 -1 -1 -1 
-1 -1 -1 -1 -1 
-1 -1 -1 -1 -1 
-1 -1 -1 -1 -1 
-1 -1 -1 -1 -1 
-1 -1 -1 -1 -1 
-1 -1 -1 -1 -1 
-1 -1 -1 -1 -1 
18.9599 0.0 270.906 336.561 0.943986 
113.105 0.0 246.066 136.426 0.275836 
-1 -1 -1 -1 -1 
-1 -1 -1 -1 -1 
-1 -1 -1 -1 -1 
-1 -1 -1 -1 -1 
-1 -1 -1 -1 -1 
-1 -1 -1 -1 -1 
-1 -1 -1 -1 -1 
-1 -1 -1 -1 -1 
27.124 26.6684 302.112 340.737 0.997943 
97.0873 48.0495 219.515 254.905 0.148796 
-1 -1 -1 -1 -1 
-1 -1 -1 -1 -1 
-1 -1 -1 -1 -1 
-1 -1 -1 -1 -1 
-1 -1 -1 -1 -1 
-1 -1 -1 -1 -1 
-1 -1 -1 -1 -1 
-1 -1 -1 -1 -1 
0.0 10.2299 312.463 336.653 0.998648 
67.9574 119.323 285.599 253.345 0.116696 
273.655 0.0 345.813 277.293 0.107394 
-1 -1 -1 -1 -1 
-1 -1 -1 -1 -1 
-1 -1 -1 -1 -1 
-1 -1 -1 -1 -1 
-1 -1 -1 -1 -1 
-1 -1 -1 -1 -1 
-1 -1 -1 -1 -1 
0.0 18.3447 317.826 349.0 0.996366 
45.8257 82.3203 160.957 349.0 0.275406 
125.985 184.857 349.0 349.0 0.234386 
37.9011 54.2784 257.471 187.62 0.146403 
252.742 0.0 342.654 349.0 0.133227 
-1 -1 -1 -1 -1 
-1 -1 -1 -1 -1 
-1 -1 -1 -1 -1 
-1 -1 -1 -1 -1 
-1 -1 -1 -1 -1 
35.2448 26.4215 306.469 347.465 0.984375 
-1 -1 -1 -1 -1 
-1 -1 -1 -1 -1 
-1 -1 -1 -1 -1 
-1 -1 -1 -1 -1 
-1 -1 -1 -1 -1 
-1 -1 -1 -1 -1 
-1 -1 -1 -1 -1 
-1 -1 -1 -1 -1 
-1 -1 -1 -1 -1 
7.04193 45.2438 295.551 342.47 0.99136 
-1 -1 -1 -1 -1 
-1 -1 -1 -1 -1 
-1 -1 -1 -1 -1 
-1 -1 -1 -1 -1 
-1 -1 -1 -1 -1 
-1 -1 -1 -1 -1 
-1 -1 -1 -1 -1 
-1 -1 -1 -1 -1 
-1 -1 -1 -1 -1 
99.182 102.639 301.763 349.0 0.954794 
-1 -1 -1 -1 -1 
-1 -1 -1 -1 -1 
-1 -1 -1 -1 -1 
-1 -1 -1 -1 -1 
-1 -1 -1 -1 -1 
-1 -1 -1 -1 -1 
-1 -1 -1 -1 -1 
-1 -1 -1 -1 -1 
-1 -1 -1 -1 -1 
56.0016 75.7004 328.857 349.0 0.990223 
145.57 73.2878 210.693 209.355 0.356632 
115.643 62.5987 274.41 212.769 0.252379 
-1 -1 -1 -1 -1 
-1 -1 -1 -1 -1 
-1 -1 -1 -1 -1 
-1 -1 -1 -1 -1 
-1 -1 -1 -1 -1 
-1 -1 -1 -1 -1 
-1 -1 -1 -1 -1 
15.4675 42.6819 304.922 349.0 0.978402 
126.325 43.2267 237.934 278.757 0.265985 
127.453 74.7698 232.055 296.516 0.13926 
-1 -1 -1 -1 -1 
-1 -1 -1 -1 -1 
-1 -1 -1 -1 -1 
-1 -1 -1 -1 -1 
-1 -1 -1 -1 -1 
-1 -1 -1 -1 -1 
-1 -1 -1 -1 -1 
7.28821 41.5802 343.414 342.673 0.99332 
171.756 93.139 283.163 346.265 0.252475 
-1 -1 -1 -1 -1 
-1 -1 -1 -1 -1 
-1 -1 -1 -1 -1 
-1 -1 -1 -1 -1 
-1 -1 -1 -1 -1 
-1 -1 -1 -1 -1 
-1 -1 -1 -1 -1 
-1 -1 -1 -1 -1 
0.0 60.2465 322.947 349.0 0.995034 
215.358 0.0 339.024 349.0 0.875122 
0.0 176.156 119.929 349.0 0.236741 
-1 -1 -1 -1 -1 
-1 -1 -1 -1 -1 
-1 -1 -1 -1 -1 
-1 -1 -1 -1 -1 
-1 -1 -1 -1 -1 
-1 -1 -1 -1 -1 
-1 -1 -1 -1 -1 
112.899 65.2509 349.0 349.0 0.994423 
0.0 200.263 276.843 349.0 0.83875 
54.4777 57.2583 189.799 264.408 0.299771 
-1 -1 -1 -1 -1 
-1 -1 -1 -1 -1 
-1 -1 -1 -1 -1 
-1 -1 -1 -1 -1 
-1 -1 -1 -1 -1 
-1 -1 -1 -1 -1 
-1 -1 -1 -1 -1 
0.0 36.7107 333.746 349.0 0.992843 
140.237 43.415 224.381 188.042 0.281429 
114.726 31.5822 245.297 267.617 0.134822 
-1 -1 -1 -1 -1 
-1 -1 -1 -1 -1 
-1 -1 -1 -1 -1 
-1 -1 -1 -1 -1 
-1 -1 -1 -1 -1 
-1 -1 -1 -1 -1 
-1 -1 -1 -1 -1 
0.0 73.9266 349.0 349.0 0.990231 
174.36 69.0116 333.655 242.782 0.329413 
251.048 137.162 345.315 349.0 0.272972 
206.136 51.878 316.367 217.94 0.195782 
3.08806 57.2231 99.9647 349.0 0.191155 
-1 -1 -1 -1 -1 
-1 -1 -1 -1 -1 
-1 -1 -1 -1 -1 
-1 -1 -1 -1 -1 
-1 -1 -1 -1 -1 
12.1534 19.8429 339.188 349.0 0.999483 
-1 -1 -1 -1 -1 
-1 -1 -1 -1 -1 
-1 -1 -1 -1 -1 
-1 -1 -1 -1 -1 
-1 -1 -1 -1 -1 
-1 -1 -1 -1 -1 
-1 -1 -1 -1 -1 
-1 -1 -1 -1 -1 
-1 -1 -1 -1 -1 
0.0 31.2929 349.0 345.473 0.996968 
-1 -1 -1 -1 -1 
-1 -1 -1 -1 -1 
-1 -1 -1 -1 -1 
-1 -1 -1 -1 -1 
-1 -1 -1 -1 -1 
-1 -1 -1 -1 -1 
-1 -1 -1 -1 -1 
-1 -1 -1 -1 -1 
-1 -1 -1 -1 -1 
11.4626 54.3002 305.051 339.064 0.991953 
-1 -1 -1 -1 -1 
-1 -1 -1 -1 -1 
-1 -1 -1 -1 -1 
-1 -1 -1 -1 -1 
-1 -1 -1 -1 -1 
-1 -1 -1 -1 -1 
-1 -1 -1 -1 -1 
-1 -1 -1 -1 -1 
-1 -1 -1 -1 -1 
106.619 94.3651 239.341 349.0 0.941085 
220.239 218.365 267.539 349.0 0.135266 
59.0711 170.455 100.487 349.0 0.10902 
48.2041 0.0 275.091 220.09 0.100195 
-1 -1 -1 -1 -1 
-1 -1 -1 -1 -1 
-1 -1 -1 -1 -1 
-1 -1 -1 -1 -1 
-1 -1 -1 -1 -1 
-1 -1 -1 -1 -1 
21.6541 38.9862 310.025 349.0 0.997966 
-1 -1 -1 -1 -1 
-1 -1 -1 -1 -1 
-1 -1 -1 -1 -1 
-1 -1 -1 -1 -1 
-1 -1 -1 -1 -1 
-1 -1 -1 -1 -1 
-1 -1 -1 -1 -1 
-1 -1 -1 -1 -1 
-1 -1 -1 -1 -1 
1.20613 16.848 331.242 340.248 0.988957 
142.278 66.0957 248.73 344.7 0.757534 
126.092 49.8239 220.533 127.816 0.448407 
111.027 30.3587 224.433 255.214 0.128275 
38.5877 174.637 192.74 334.016 0.115836 
86.5549 40.4463 256.421 123.607 0.110291 
-1 -1 -1 -1 -1 
-1 -1 -1 -1 -1 
-1 -1 -1 -1 -1 
-1 -1 -1 -1 -1 
11.5448 35.2613 336.498 341.622 0.99776 
-1 -1 -1 -1 -1 
-1 -1 -1 -1 -1 
-1 -1 -1 -1 -1 
-1 -1 -1 -1 -1 
-1 -1 -1 -1 -1 
-1 -1 -1 -1 -1 
-1 -1 -1 -1 -1 
-1 -1 -1 -1 -1 
-1 -1 -1 -1 -1 
159.805 50.7112 349.0 340.413 0.922622 
1.34427 98.4604 161.711 349.0 0.367563 
65.4578 233.639 223.265 349.0 0.360298 
23.6233 126.919 142.365 349.0 0.228671 
-1 -1 -1 -1 -1 
-1 -1 -1 -1 -1 
-1 -1 -1 -1 -1 
-1 -1 -1 -1 -1 
-1 -1 -1 -1 -1 
-1 -1 -1 -1 -1 
96.6068 0.0 269.828 336.237 0.628826 
49.7884 181.081 216.984 336.211 0.350667 
171.987 39.6917 240.096 124.624 0.117976 
-1 -1 -1 -1 -1 
-1 -1 -1 -1 -1 
-1 -1 -1 -1 -1 
-1 -1 -1 -1 -1 
-1 -1 -1 -1 -1 
-1 -1 -1 -1 -1 
-1 -1 -1 -1 -1 
137.099 59.899 349.0 340.415 0.971591 
0.0 76.9772 148.991 343.129 0.89173 
49.6446 32.8096 110.191 223.735 0.116608 
-1 -1 -1 -1 -1 
-1 -1 -1 -1 -1 
-1 -1 -1 -1 -1 
-1 -1 -1 -1 -1 
-1 -1 -1 -1 -1 
-1 -1 -1 -1 -1 
-1 -1 -1 -1 -1 
0.0 109.615 349.0 349.0 0.949354 
0.0 161.224 168.331 249.304 0.427897 
238.754 51.1173 349.0 341.858 0.311916 
113.901 99.5237 144.843 236.605 0.183565 
-1 -1 -1 -1 -1 
-1 -1 -1 -1 -1 
-1 -1 -1 -1 -1 
-1 -1 -1 -1 -1 
-1 -1 -1 -1 -1 
-1 -1 -1 -1 -1 
0.0 90.362 196.95 349.0 0.894787 
165.387 0.0 335.358 250.657 0.856072 
126.436 203.98 341.159 349.0 0.456548 
0.0 54.6261 182.271 162.405 0.124383 
-1 -1 -1 -1 -1 
-1 -1 -1 -1 -1 
-1 -1 -1 -1 -1 
-1 -1 -1 -1 -1 
-1 -1 -1 -1 -1 
-1 -1 -1 -1 -1 
23.6363 40.9206 324.863 349.0 0.998566 
78.6394 73.2082 267.897 191.686 0.137467 
-1 -1 -1 -1 -1 
-1 -1 -1 -1 -1 
-1 -1 -1 -1 -1 
-1 -1 -1 -1 -1 
-1 -1 -1 -1 -1 
-1 -1 -1 -1 -1 
-1 -1 -1 -1 -1 
-1 -1 -1 -1 -1 
10.7385 56.3649 300.453 336.645 0.995061 
-1 -1 -1 -1 -1 
-1 -1 -1 -1 -1 
-1 -1 -1 -1 -1 
-1 -1 -1 -1 -1 
-1 -1 -1 -1 -1 
-1 -1 -1 -1 -1 
-1 -1 -1 -1 -1 
-1 -1 -1 -1 -1 
-1 -1 -1 -1 -1 
