1400
5
109.199 67.6808 241.619 291.712 0.976382 
-1 -1 -1 -1 -1 
-1 -1 -1 -1 -1 
-1 -1 -1 -1 -1 
-1 -1 -1 -1 -1 
-1 -1 -1 -1 -1 
-1 -1 -1 -1 -1 
-1 -1 -1 -1 -1 
-1 -1 -1 -1 -1 
-1 -1 -1 -1 -1 
136.614 0.0 209.532 200.366 0.946021 
64.6169 0.0 227.746 349.0 0.368562 
69.067 8.78103 332.169 349.0 0.344967 
-1 -1 -1 -1 -1 
-1 -1 -1 -1 -1 
-1 -1 -1 -1 -1 
-1 -1 -1 -1 -1 
-1 -1 -1 -1 -1 
-1 -1 -1 -1 -1 
-1 -1 -1 -1 -1 
134.721 50.5934 237.504 301.818 0.674094 
2.33518 33.5294 302.206 341.035 0.612247 
147.349 79.5657 216.856 169.887 0.17944 
-1 -1 -1 -1 -1 
-1 -1 -1 -1 -1 
-1 -1 -1 -1 -1 
-1 -1 -1 -1 -1 
-1 -1 -1 -1 -1 
-1 -1 -1 -1 -1 
-1 -1 -1 -1 -1 
89.2398 71.8377 196.838 341.953 0.80886 
143.943 33.7013 267.3 344.433 0.161414 
76.3496 99.6208 264.382 196.127 0.102933 
-1 -1 -1 -1 -1 
-1 -1 -1 -1 -1 
-1 -1 -1 -1 -1 
-1 -1 -1 -1 -1 
-1 -1 -1 -1 -1 
-1 -1 -1 -1 -1 
-1 -1 -1 -1 -1 
138.451 29.457 207.856 323.113 0.843909 
7.92842 24.3308 241.664 349.0 0.305569 
108.496 56.6232 191.578 182.866 0.245197 
-1 -1 -1 -1 -1 
-1 -1 -1 -1 -1 
-1 -1 -1 -1 -1 
-1 -1 -1 -1 -1 
-1 -1 -1 -1 -1 
-1 -1 -1 -1 -1 
-1 -1 -1 -1 -1 
113.917 111.799 249.3 349.0 0.813125 
2.96906 0.0 131.809 349.0 0.102193 
-1 -1 -1 -1 -1 
-1 -1 -1 -1 -1 
-1 -1 -1 -1 -1 
-1 -1 -1 -1 -1 
-1 -1 -1 -1 -1 
-1 -1 -1 -1 -1 
-1 -1 -1 -1 -1 
-1 -1 -1 -1 -1 
67.4266 80.4705 182.167 313.19 0.88583 
10.1639 147.839 180.178 311.176 0.211647 
81.2557 126.523 184.997 202.735 0.106638 
-1 -1 -1 -1 -1 
-1 -1 -1 -1 -1 
-1 -1 -1 -1 -1 
-1 -1 -1 -1 -1 
-1 -1 -1 -1 -1 
-1 -1 -1 -1 -1 
-1 -1 -1 -1 -1 
126.581 104.389 211.115 314.358 0.971948 
19.6048 63.2367 147.0 349.0 0.215622 
-1 -1 -1 -1 -1 
-1 -1 -1 -1 -1 
-1 -1 -1 -1 -1 
-1 -1 -1 -1 -1 
-1 -1 -1 -1 -1 
-1 -1 -1 -1 -1 
-1 -1 -1 -1 -1 
-1 -1 -1 -1 -1 
110.448 65.6705 225.182 338.752 0.883672 
123.721 158.113 220.842 252.913 0.158344 
27.5222 86.4785 339.372 349.0 0.113209 
133.879 146.767 214.651 313.236 0.112478 
-1 -1 -1 -1 -1 
-1 -1 -1 -1 -1 
-1 -1 -1 -1 -1 
-1 -1 -1 -1 -1 
-1 -1 -1 -1 -1 
-1 -1 -1 -1 -1 
146.349 53.9651 248.845 269.174 0.951121 
182.924 17.5362 336.397 349.0 0.309277 
257.646 0.0 336.454 349.0 0.295542 
152.483 101.101 243.168 155.86 0.291712 
-1 -1 -1 -1 -1 
-1 -1 -1 -1 -1 
-1 -1 -1 -1 -1 
-1 -1 -1 -1 -1 
-1 -1 -1 -1 -1 
-1 -1 -1 -1 -1 
120.346 90.7556 205.652 301.312 0.945986 
116.645 223.093 218.822 332.784 0.53338 
65.5024 36.4898 141.838 349.0 0.289092 
6.8752 33.0122 86.3766 349.0 0.111815 
41.6926 79.2539 240.414 207.355 0.109235 
-1 -1 -1 -1 -1 
-1 -1 -1 -1 -1 
-1 -1 -1 -1 -1 
-1 -1 -1 -1 -1 
-1 -1 -1 -1 -1 
148.431 57.0552 209.914 214.261 0.944468 
59.9879 63.4221 210.073 291.35 0.139272 
260.708 135.899 332.069 293.138 0.126762 
138.902 80.0605 168.738 155.856 0.116064 
-1 -1 -1 -1 -1 
-1 -1 -1 -1 -1 
-1 -1 -1 -1 -1 
-1 -1 -1 -1 -1 
-1 -1 -1 -1 -1 
-1 -1 -1 -1 -1 
100.431 68.6121 218.738 349.0 0.931521 
118.379 163.135 199.014 282.166 0.122198 
-1 -1 -1 -1 -1 
-1 -1 -1 -1 -1 
-1 -1 -1 -1 -1 
-1 -1 -1 -1 -1 
-1 -1 -1 -1 -1 
-1 -1 -1 -1 -1 
-1 -1 -1 -1 -1 
-1 -1 -1 -1 -1 
122.582 68.1847 219.26 346.029 0.716741 
-1 -1 -1 -1 -1 
-1 -1 -1 -1 -1 
-1 -1 -1 -1 -1 
-1 -1 -1 -1 -1 
-1 -1 -1 -1 -1 
-1 -1 -1 -1 -1 
-1 -1 -1 -1 -1 
-1 -1 -1 -1 -1 
-1 -1 -1 -1 -1 
145.406 43.7625 226.678 315.409 0.777144 
142.089 156.328 232.547 236.695 0.163167 
92.1382 63.9434 242.08 157.907 0.150789 
-1 -1 -1 -1 -1 
-1 -1 -1 -1 -1 
-1 -1 -1 -1 -1 
-1 -1 -1 -1 -1 
-1 -1 -1 -1 -1 
-1 -1 -1 -1 -1 
-1 -1 -1 -1 -1 
123.514 75.356 209.858 328.967 0.95762 
216.825 44.4484 304.388 349.0 0.389904 
12.8049 37.2998 124.243 349.0 0.31631 
108.589 200.378 224.815 284.089 0.213348 
52.2055 186.895 302.057 333.485 0.12326 
174.055 67.7171 240.208 341.699 0.10394 
-1 -1 -1 -1 -1 
-1 -1 -1 -1 -1 
-1 -1 -1 -1 -1 
-1 -1 -1 -1 -1 
110.187 91.3116 232.261 345.677 0.968689 
136.462 231.001 231.772 324.135 0.216646 
241.262 173.848 293.219 319.8 0.16139 
30.6012 80.8509 150.087 349.0 0.153601 
124.82 180.058 218.801 259.301 0.125896 
249.178 203.864 280.853 257.013 0.108174 
-1 -1 -1 -1 -1 
-1 -1 -1 -1 -1 
-1 -1 -1 -1 -1 
-1 -1 -1 -1 -1 
121.8 74.1808 207.316 349.0 0.745975 
78.0653 68.1246 191.568 194.324 0.130143 
108.708 111.661 212.051 339.128 0.120327 
-1 -1 -1 -1 -1 
-1 -1 -1 -1 -1 
-1 -1 -1 -1 -1 
-1 -1 -1 -1 -1 
-1 -1 -1 -1 -1 
-1 -1 -1 -1 -1 
-1 -1 -1 -1 -1 
122.273 83.0042 220.958 346.289 0.953146 
182.035 162.962 223.15 318.054 0.199098 
111.14 198.892 259.159 285.095 0.178668 
211.737 137.375 240.409 252.627 0.13221 
117.076 152.137 209.525 231.295 0.114018 
81.4953 106.572 137.146 349.0 0.109789 
-1 -1 -1 -1 -1 
-1 -1 -1 -1 -1 
-1 -1 -1 -1 -1 
-1 -1 -1 -1 -1 
115.555 75.9233 237.494 323.619 0.931683 
114.997 208.455 237.958 275.533 0.202024 
128.393 146.752 160.347 324.934 0.131556 
-1 -1 -1 -1 -1 
-1 -1 -1 -1 -1 
-1 -1 -1 -1 -1 
-1 -1 -1 -1 -1 
-1 -1 -1 -1 -1 
-1 -1 -1 -1 -1 
-1 -1 -1 -1 -1 
111.814 76.0111 224.185 347.951 0.827504 
-1 -1 -1 -1 -1 
-1 -1 -1 -1 -1 
-1 -1 -1 -1 -1 
-1 -1 -1 -1 -1 
-1 -1 -1 -1 -1 
-1 -1 -1 -1 -1 
-1 -1 -1 -1 -1 
-1 -1 -1 -1 -1 
-1 -1 -1 -1 -1 
120.443 77.2302 216.213 278.791 0.848594 
86.4874 45.7581 240.17 155.004 0.250033 
94.2774 203.31 239.419 320.162 0.210978 
16.7023 126.686 325.426 349.0 0.142774 
-1 -1 -1 -1 -1 
-1 -1 -1 -1 -1 
-1 -1 -1 -1 -1 
-1 -1 -1 -1 -1 
-1 -1 -1 -1 -1 
-1 -1 -1 -1 -1 
111.203 81.35 225.467 330.036 0.949069 
42.6632 0.0 101.741 226.079 0.233299 
125.554 180.396 243.143 243.716 0.226925 
-1 -1 -1 -1 -1 
-1 -1 -1 -1 -1 
-1 -1 -1 -1 -1 
-1 -1 -1 -1 -1 
-1 -1 -1 -1 -1 
-1 -1 -1 -1 -1 
-1 -1 -1 -1 -1 
127.252 41.9859 203.026 328.411 0.987675 
128.012 126.001 201.18 194.495 0.292064 
112.916 26.787 222.724 137.209 0.195044 
-1 -1 -1 -1 -1 
-1 -1 -1 -1 -1 
-1 -1 -1 -1 -1 
-1 -1 -1 -1 -1 
-1 -1 -1 -1 -1 
-1 -1 -1 -1 -1 
-1 -1 -1 -1 -1 
110.813 78.0467 247.016 349.0 0.980243 
54.0486 84.9315 131.437 349.0 0.598151 
125.569 147.439 219.473 250.484 0.140094 
192.785 63.6438 281.797 334.881 0.109769 
-1 -1 -1 -1 -1 
-1 -1 -1 -1 -1 
-1 -1 -1 -1 -1 
-1 -1 -1 -1 -1 
-1 -1 -1 -1 -1 
-1 -1 -1 -1 -1 
134.44 64.7094 218.945 325.115 0.925273 
127.502 182.669 269.014 271.533 0.300006 
129.485 150.161 162.172 310.974 0.148604 
266.405 204.787 300.514 265.237 0.134073 
46.9426 39.9124 143.879 341.066 0.108274 
-1 -1 -1 -1 -1 
-1 -1 -1 -1 -1 
-1 -1 -1 -1 -1 
-1 -1 -1 -1 -1 
-1 -1 -1 -1 -1 
105.686 83.4946 233.326 349.0 0.932216 
38.6937 87.3753 334.162 349.0 0.139462 
-1 -1 -1 -1 -1 
-1 -1 -1 -1 -1 
-1 -1 -1 -1 -1 
-1 -1 -1 -1 -1 
-1 -1 -1 -1 -1 
-1 -1 -1 -1 -1 
-1 -1 -1 -1 -1 
-1 -1 -1 -1 -1 
93.8691 108.048 236.756 343.756 0.756587 
209.414 0.0 340.457 349.0 0.296196 
55.4325 12.5345 130.591 275.66 0.197181 
211.592 115.328 288.717 349.0 0.17214 
110.613 173.132 221.657 262.915 0.137879 
-1 -1 -1 -1 -1 
-1 -1 -1 -1 -1 
-1 -1 -1 -1 -1 
-1 -1 -1 -1 -1 
-1 -1 -1 -1 -1 
148.749 88.3211 274.815 307.521 0.979075 
43.1454 0.0 139.51 342.719 0.350177 
196.617 195.433 280.938 263.741 0.276671 
31.2646 35.8735 145.291 123.822 0.158272 
107.157 60.0399 193.614 348.298 0.121675 
177.916 99.6756 236.799 230.224 0.109013 
-1 -1 -1 -1 -1 
-1 -1 -1 -1 -1 
-1 -1 -1 -1 -1 
-1 -1 -1 -1 -1 
144.687 74.2695 225.763 326.621 0.964065 
99.2801 70.5537 233.006 163.425 0.292028 
141.526 170.025 254.873 254.385 0.155352 
235.354 186.385 280.593 246.738 0.106605 
-1 -1 -1 -1 -1 
-1 -1 -1 -1 -1 
-1 -1 -1 -1 -1 
-1 -1 -1 -1 -1 
-1 -1 -1 -1 -1 
-1 -1 -1 -1 -1 
101.398 80.89 234.03 297.473 0.957752 
204.582 44.3596 340.223 349.0 0.199901 
200.74 109.139 317.999 349.0 0.125671 
192.711 55.2045 244.905 300.393 0.110247 
158.628 145.204 208.376 296.158 0.106784 
-1 -1 -1 -1 -1 
-1 -1 -1 -1 -1 
-1 -1 -1 -1 -1 
-1 -1 -1 -1 -1 
-1 -1 -1 -1 -1 
127.061 67.1763 233.314 349.0 0.97288 
123.398 160.049 234.041 221.047 0.109513 
-1 -1 -1 -1 -1 
-1 -1 -1 -1 -1 
-1 -1 -1 -1 -1 
-1 -1 -1 -1 -1 
-1 -1 -1 -1 -1 
-1 -1 -1 -1 -1 
-1 -1 -1 -1 -1 
-1 -1 -1 -1 -1 
117.821 58.1646 229.443 338.407 0.983635 
123.228 78.4956 219.094 173.829 0.389093 
229.702 92.3031 308.766 235.664 0.110962 
-1 -1 -1 -1 -1 
-1 -1 -1 -1 -1 
-1 -1 -1 -1 -1 
-1 -1 -1 -1 -1 
-1 -1 -1 -1 -1 
-1 -1 -1 -1 -1 
-1 -1 -1 -1 -1 
91.8941 65.99 237.169 317.682 0.943052 
230.556 109.284 284.679 348.175 0.177314 
218.394 210.234 283.043 267.454 0.109195 
271.934 111.22 343.08 347.035 0.102283 
-1 -1 -1 -1 -1 
-1 -1 -1 -1 -1 
-1 -1 -1 -1 -1 
-1 -1 -1 -1 -1 
-1 -1 -1 -1 -1 
-1 -1 -1 -1 -1 
118.524 63.5468 235.021 349.0 0.965188 
143.854 194.32 211.182 332.374 0.249786 
116.477 127.499 223.295 213.839 0.147405 
-1 -1 -1 -1 -1 
-1 -1 -1 -1 -1 
-1 -1 -1 -1 -1 
-1 -1 -1 -1 -1 
-1 -1 -1 -1 -1 
-1 -1 -1 -1 -1 
-1 -1 -1 -1 -1 
134.177 49.1592 207.855 343.785 0.986776 
139.448 83.9457 200.895 186.332 0.305772 
205.501 10.0051 280.476 331.696 0.150092 
63.2459 58.4476 217.48 149.466 0.119813 
-1 -1 -1 -1 -1 
-1 -1 -1 -1 -1 
-1 -1 -1 -1 -1 
-1 -1 -1 -1 -1 
-1 -1 -1 -1 -1 
-1 -1 -1 -1 -1 
128.125 57.1064 228.401 329.97 0.972791 
134.23 215.515 225.637 299.619 0.286368 
202.423 281.326 253.699 349.0 0.184101 
-1 -1 -1 -1 -1 
-1 -1 -1 -1 -1 
-1 -1 -1 -1 -1 
-1 -1 -1 -1 -1 
-1 -1 -1 -1 -1 
-1 -1 -1 -1 -1 
-1 -1 -1 -1 -1 
131.998 60.3004 231.017 343.179 0.897524 
106.601 109.886 255.411 193.891 0.122838 
50.7562 174.503 267.747 349.0 0.110071 
-1 -1 -1 -1 -1 
-1 -1 -1 -1 -1 
-1 -1 -1 -1 -1 
-1 -1 -1 -1 -1 
-1 -1 -1 -1 -1 
-1 -1 -1 -1 -1 
-1 -1 -1 -1 -1 
114.354 61.6016 226.703 337.677 0.96388 
145.885 82.0754 208.094 224.131 0.11548 
-1 -1 -1 -1 -1 
-1 -1 -1 -1 -1 
-1 -1 -1 -1 -1 
-1 -1 -1 -1 -1 
-1 -1 -1 -1 -1 
-1 -1 -1 -1 -1 
-1 -1 -1 -1 -1 
-1 -1 -1 -1 -1 
121.422 108.63 227.532 336.498 0.983282 
216.519 140.833 288.159 349.0 0.20891 
104.475 69.2745 252.318 192.206 0.135146 
-1 -1 -1 -1 -1 
-1 -1 -1 -1 -1 
-1 -1 -1 -1 -1 
-1 -1 -1 -1 -1 
-1 -1 -1 -1 -1 
-1 -1 -1 -1 -1 
-1 -1 -1 -1 -1 
107.255 66.1866 232.187 328.222 0.79726 
149.941 62.0452 301.603 349.0 0.115578 
64.2209 52.2405 170.198 349.0 0.100723 
-1 -1 -1 -1 -1 
-1 -1 -1 -1 -1 
-1 -1 -1 -1 -1 
-1 -1 -1 -1 -1 
-1 -1 -1 -1 -1 
-1 -1 -1 -1 -1 
-1 -1 -1 -1 -1 
105.24 125.749 220.582 349.0 0.847577 
184.664 130.221 326.507 346.037 0.199335 
94.2478 58.9426 252.952 228.082 0.108911 
166.383 210.557 201.839 286.856 0.100934 
-1 -1 -1 -1 -1 
-1 -1 -1 -1 -1 
-1 -1 -1 -1 -1 
-1 -1 -1 -1 -1 
-1 -1 -1 -1 -1 
-1 -1 -1 -1 -1 
115.804 74.7854 222.457 304.453 0.903763 
132.928 105.824 186.514 190.649 0.146182 
172.181 156.396 209.179 288.502 0.108017 
-1 -1 -1 -1 -1 
-1 -1 -1 -1 -1 
-1 -1 -1 -1 -1 
-1 -1 -1 -1 -1 
-1 -1 -1 -1 -1 
-1 -1 -1 -1 -1 
-1 -1 -1 -1 -1 
121.541 67.4914 213.095 349.0 0.909483 
200.92 70.5752 268.551 349.0 0.214423 
58.7078 99.5574 117.784 335.816 0.189068 
95.7758 158.706 129.773 302.464 0.109045 
73.4757 270.774 144.085 349.0 0.104273 
-1 -1 -1 -1 -1 
-1 -1 -1 -1 -1 
-1 -1 -1 -1 -1 
-1 -1 -1 -1 -1 
-1 -1 -1 -1 -1 
130.314 55.1828 258.406 339.668 0.294861 
78.8029 92.2981 141.233 289.353 0.176373 
75.7754 66.0791 274.264 164.702 0.136152 
-1 -1 -1 -1 -1 
-1 -1 -1 -1 -1 
-1 -1 -1 -1 -1 
-1 -1 -1 -1 -1 
-1 -1 -1 -1 -1 
-1 -1 -1 -1 -1 
-1 -1 -1 -1 -1 
113.042 87.6885 225.35 349.0 0.919256 
167.776 137.236 217.488 306.086 0.105588 
-1 -1 -1 -1 -1 
-1 -1 -1 -1 -1 
-1 -1 -1 -1 -1 
-1 -1 -1 -1 -1 
-1 -1 -1 -1 -1 
-1 -1 -1 -1 -1 
-1 -1 -1 -1 -1 
-1 -1 -1 -1 -1 
53.6969 41.7976 156.991 315.054 0.950049 
212.448 54.1422 320.313 293.201 0.834723 
66.5925 0.415393 313.367 349.0 0.429245 
-1 -1 -1 -1 -1 
-1 -1 -1 -1 -1 
-1 -1 -1 -1 -1 
-1 -1 -1 -1 -1 
-1 -1 -1 -1 -1 
-1 -1 -1 -1 -1 
-1 -1 -1 -1 -1 
145.295 73.3919 225.897 305.083 0.952832 
217.316 37.1728 346.01 349.0 0.562854 
89.3957 49.157 145.444 217.663 0.200652 
32.0679 62.973 205.656 268.95 0.200118 
-1 -1 -1 -1 -1 
-1 -1 -1 -1 -1 
-1 -1 -1 -1 -1 
-1 -1 -1 -1 -1 
-1 -1 -1 -1 -1 
-1 -1 -1 -1 -1 
124.286 101.554 204.737 334.041 0.945534 
-1 -1 -1 -1 -1 
-1 -1 -1 -1 -1 
-1 -1 -1 -1 -1 
-1 -1 -1 -1 -1 
-1 -1 -1 -1 -1 
-1 -1 -1 -1 -1 
-1 -1 -1 -1 -1 
-1 -1 -1 -1 -1 
-1 -1 -1 -1 -1 
137.522 10.0089 210.507 302.244 0.978387 
135.901 94.8724 221.699 169.286 0.188367 
-1 -1 -1 -1 -1 
-1 -1 -1 -1 -1 
-1 -1 -1 -1 -1 
-1 -1 -1 -1 -1 
-1 -1 -1 -1 -1 
-1 -1 -1 -1 -1 
-1 -1 -1 -1 -1 
-1 -1 -1 -1 -1 
119.329 84.969 223.193 323.754 0.991345 
251.889 175.732 319.939 349.0 0.359523 
28.0043 68.8542 88.2924 282.912 0.314436 
23.818 0.0 144.121 135.559 0.141921 
-1 -1 -1 -1 -1 
-1 -1 -1 -1 -1 
-1 -1 -1 -1 -1 
-1 -1 -1 -1 -1 
-1 -1 -1 -1 -1 
-1 -1 -1 -1 -1 
120.272 77.9032 229.628 340.223 0.832558 
-1 -1 -1 -1 -1 
-1 -1 -1 -1 -1 
-1 -1 -1 -1 -1 
-1 -1 -1 -1 -1 
-1 -1 -1 -1 -1 
-1 -1 -1 -1 -1 
-1 -1 -1 -1 -1 
-1 -1 -1 -1 -1 
-1 -1 -1 -1 -1 
157.694 86.4764 260.004 332.573 0.985195 
48.1415 84.7178 178.532 349.0 0.534416 
249.389 72.8284 347.187 312.529 0.291089 
160.339 157.148 205.698 321.07 0.258132 
57.5179 62.4425 327.822 239.932 0.167961 
171.346 91.7872 254.929 172.132 0.120584 
-1 -1 -1 -1 -1 
-1 -1 -1 -1 -1 
-1 -1 -1 -1 -1 
-1 -1 -1 -1 -1 
119.871 97.0578 217.731 348.127 0.835476 
109.933 195.105 176.992 325.202 0.277686 
215.804 230.621 290.311 349.0 0.17889 
147.396 223.792 225.174 329.519 0.165666 
0.0 161.041 118.533 343.784 0.1648 
67.7449 86.3761 264.288 211.969 0.158674 
21.7875 168.23 163.253 310.958 0.147525 
0.0 60.3949 51.8254 263.926 0.109323 
-1 -1 -1 -1 -1 
-1 -1 -1 -1 -1 
124.298 46.3823 194.389 301.692 0.959513 
121.454 100.729 199.98 167.647 0.364934 
101.364 34.8988 302.581 349.0 0.12567 
133.034 81.9106 166.328 151.183 0.117228 
184.287 68.5739 307.751 284.076 0.112802 
-1 -1 -1 -1 -1 
-1 -1 -1 -1 -1 
-1 -1 -1 -1 -1 
-1 -1 -1 -1 -1 
-1 -1 -1 -1 -1 
115.856 81.4977 205.217 349.0 0.941009 
73.3274 56.8041 281.122 200.541 0.40927 
241.459 0.0 312.263 349.0 0.139625 
-1 -1 -1 -1 -1 
-1 -1 -1 -1 -1 
-1 -1 -1 -1 -1 
-1 -1 -1 -1 -1 
-1 -1 -1 -1 -1 
-1 -1 -1 -1 -1 
-1 -1 -1 -1 -1 
132.724 153.63 227.255 349.0 0.535873 
122.457 126.946 221.035 223.785 0.12342 
-1 -1 -1 -1 -1 
-1 -1 -1 -1 -1 
-1 -1 -1 -1 -1 
-1 -1 -1 -1 -1 
-1 -1 -1 -1 -1 
-1 -1 -1 -1 -1 
-1 -1 -1 -1 -1 
-1 -1 -1 -1 -1 
133.635 79.5827 231.55 331.183 0.877822 
0.0 158.356 132.365 343.872 0.322419 
-1 -1 -1 -1 -1 
-1 -1 -1 -1 -1 
-1 -1 -1 -1 -1 
-1 -1 -1 -1 -1 
-1 -1 -1 -1 -1 
-1 -1 -1 -1 -1 
-1 -1 -1 -1 -1 
-1 -1 -1 -1 -1 
121.849 80.7651 256.08 349.0 0.951896 
7.61627 45.9455 133.893 349.0 0.127311 
-1 -1 -1 -1 -1 
-1 -1 -1 -1 -1 
-1 -1 -1 -1 -1 
-1 -1 -1 -1 -1 
-1 -1 -1 -1 -1 
-1 -1 -1 -1 -1 
-1 -1 -1 -1 -1 
-1 -1 -1 -1 -1 
146.264 82.0625 221.931 323.552 0.933277 
70.7005 130.224 296.056 343.547 0.155132 
-1 -1 -1 -1 -1 
-1 -1 -1 -1 -1 
-1 -1 -1 -1 -1 
-1 -1 -1 -1 -1 
-1 -1 -1 -1 -1 
-1 -1 -1 -1 -1 
-1 -1 -1 -1 -1 
-1 -1 -1 -1 -1 
100.969 84.9551 236.218 326.359 0.628501 
70.9919 57.1894 293.289 197.112 0.112527 
-1 -1 -1 -1 -1 
-1 -1 -1 -1 -1 
-1 -1 -1 -1 -1 
-1 -1 -1 -1 -1 
-1 -1 -1 -1 -1 
-1 -1 -1 -1 -1 
-1 -1 -1 -1 -1 
-1 -1 -1 -1 -1 
134.604 91.5845 253.619 349.0 0.970966 
103.808 109.175 232.298 200.561 0.184571 
-1 -1 -1 -1 -1 
-1 -1 -1 -1 -1 
-1 -1 -1 -1 -1 
-1 -1 -1 -1 -1 
-1 -1 -1 -1 -1 
-1 -1 -1 -1 -1 
-1 -1 -1 -1 -1 
-1 -1 -1 -1 -1 
103.807 119.295 260.676 349.0 0.90363 
208.486 179.04 249.574 349.0 0.386869 
97.6013 198.95 168.42 349.0 0.298747 
87.8209 90.472 255.63 201.402 0.240148 
154.908 142.589 250.286 239.339 0.107842 
152.291 220.318 244.61 323.677 0.106334 
-1 -1 -1 -1 -1 
-1 -1 -1 -1 -1 
-1 -1 -1 -1 -1 
-1 -1 -1 -1 -1 
123.75 73.3013 208.969 331.144 0.97781 
121.959 123.027 218.22 176.358 0.420599 
123.333 215.499 223.553 288.728 0.2119 
-1 -1 -1 -1 -1 
-1 -1 -1 -1 -1 
-1 -1 -1 -1 -1 
-1 -1 -1 -1 -1 
-1 -1 -1 -1 -1 
-1 -1 -1 -1 -1 
-1 -1 -1 -1 -1 
111.187 56.2481 216.343 320.465 0.87873 
123.827 176.498 225.082 267.127 0.142591 
-1 -1 -1 -1 -1 
-1 -1 -1 -1 -1 
-1 -1 -1 -1 -1 
-1 -1 -1 -1 -1 
-1 -1 -1 -1 -1 
-1 -1 -1 -1 -1 
-1 -1 -1 -1 -1 
-1 -1 -1 -1 -1 
124.88 82.0151 226.323 343.922 0.951376 
113.752 58.2548 239.789 168.503 0.257121 
23.9516 195.381 155.409 343.365 0.144329 
121.17 153.787 223.316 233.325 0.118583 
-1 -1 -1 -1 -1 
-1 -1 -1 -1 -1 
-1 -1 -1 -1 -1 
-1 -1 -1 -1 -1 
-1 -1 -1 -1 -1 
-1 -1 -1 -1 -1 
144.78 77.2995 247.978 305.405 0.984284 
29.0256 0.0 103.245 349.0 0.142362 
-1 -1 -1 -1 -1 
-1 -1 -1 -1 -1 
-1 -1 -1 -1 -1 
-1 -1 -1 -1 -1 
-1 -1 -1 -1 -1 
-1 -1 -1 -1 -1 
-1 -1 -1 -1 -1 
-1 -1 -1 -1 -1 
139.46 43.5677 220.69 219.212 0.962891 
84.2789 39.3459 199.736 348.887 0.235924 
-1 -1 -1 -1 -1 
-1 -1 -1 -1 -1 
-1 -1 -1 -1 -1 
-1 -1 -1 -1 -1 
-1 -1 -1 -1 -1 
-1 -1 -1 -1 -1 
-1 -1 -1 -1 -1 
-1 -1 -1 -1 -1 
131.892 39.0729 209.495 327.211 0.981545 
19.0246 50.6299 327.238 349.0 0.493296 
149.686 58.4765 327.324 227.142 0.387991 
124.815 70.8447 212.936 147.99 0.372937 
6.82941 42.3315 217.349 215.607 0.214616 
-1 -1 -1 -1 -1 
-1 -1 -1 -1 -1 
-1 -1 -1 -1 -1 
-1 -1 -1 -1 -1 
-1 -1 -1 -1 -1 
108.582 71.1563 246.074 342.58 0.954298 
150.614 190.146 230.545 326.771 0.356469 
128.191 70.9321 265.935 151.156 0.21173 
212.831 43.7083 334.692 349.0 0.17271 
40.5688 126.544 125.985 340.939 0.149679 
275.916 159.268 340.696 349.0 0.101795 
-1 -1 -1 -1 -1 
-1 -1 -1 -1 -1 
-1 -1 -1 -1 -1 
-1 -1 -1 -1 -1 
137.506 122.324 218.436 302.93 0.922635 
-1 -1 -1 -1 -1 
-1 -1 -1 -1 -1 
-1 -1 -1 -1 -1 
-1 -1 -1 -1 -1 
-1 -1 -1 -1 -1 
-1 -1 -1 -1 -1 
-1 -1 -1 -1 -1 
-1 -1 -1 -1 -1 
-1 -1 -1 -1 -1 
115.552 83.462 241.213 348.234 0.95684 
224.547 45.7297 303.649 349.0 0.500043 
103.891 100.492 226.591 187.204 0.292464 
99.1449 174.762 142.544 347.443 0.182923 
55.6398 67.5729 147.26 349.0 0.153885 
190.395 186.603 226.289 215.338 0.139081 
3.09901 172.501 65.6116 349.0 0.131731 
-1 -1 -1 -1 -1 
-1 -1 -1 -1 -1 
-1 -1 -1 -1 -1 
109.859 70.4806 224.489 310.663 0.97121 
131.33 194.542 211.877 289.694 0.516472 
201.498 126.33 281.305 349.0 0.371088 
11.5088 57.5929 133.189 349.0 0.165017 
181.937 151.384 209.007 291.526 0.153638 
-1 -1 -1 -1 -1 
-1 -1 -1 -1 -1 
-1 -1 -1 -1 -1 
-1 -1 -1 -1 -1 
-1 -1 -1 -1 -1 
120.054 93.9098 250.415 349.0 0.889967 
92.9681 78.1365 156.238 291.931 0.174536 
145.76 131.71 275.579 349.0 0.144985 
-1 -1 -1 -1 -1 
-1 -1 -1 -1 -1 
-1 -1 -1 -1 -1 
-1 -1 -1 -1 -1 
-1 -1 -1 -1 -1 
-1 -1 -1 -1 -1 
-1 -1 -1 -1 -1 
140.893 80.7472 247.599 349.0 0.900244 
80.0858 41.7462 275.742 349.0 0.117342 
11.6645 240.597 184.947 349.0 0.105675 
-1 -1 -1 -1 -1 
-1 -1 -1 -1 -1 
-1 -1 -1 -1 -1 
-1 -1 -1 -1 -1 
-1 -1 -1 -1 -1 
-1 -1 -1 -1 -1 
-1 -1 -1 -1 -1 
117.336 80.8705 219.56 301.491 0.517582 
10.399 0.0 132.294 349.0 0.108961 
178.136 116.344 229.846 203.378 0.102329 
-1 -1 -1 -1 -1 
-1 -1 -1 -1 -1 
-1 -1 -1 -1 -1 
-1 -1 -1 -1 -1 
-1 -1 -1 -1 -1 
-1 -1 -1 -1 -1 
-1 -1 -1 -1 -1 
98.7206 127.605 234.775 298.936 0.786901 
84.6199 80.9277 316.622 325.061 0.124917 
116.786 199.065 228.069 254.376 0.102942 
-1 -1 -1 -1 -1 
-1 -1 -1 -1 -1 
-1 -1 -1 -1 -1 
-1 -1 -1 -1 -1 
-1 -1 -1 -1 -1 
-1 -1 -1 -1 -1 
-1 -1 -1 -1 -1 
122.084 55.1283 221.559 347.727 0.907038 
124.681 107.532 223.431 192.195 0.271086 
-1 -1 -1 -1 -1 
-1 -1 -1 -1 -1 
-1 -1 -1 -1 -1 
-1 -1 -1 -1 -1 
-1 -1 -1 -1 -1 
-1 -1 -1 -1 -1 
-1 -1 -1 -1 -1 
-1 -1 -1 -1 -1 
142.955 45.1474 208.193 318.739 0.974454 
141.519 73.9849 233.866 152.889 0.150525 
125.529 162.408 234.558 262.241 0.133255 
135.779 119.54 200.296 198.853 0.103089 
-1 -1 -1 -1 -1 
-1 -1 -1 -1 -1 
-1 -1 -1 -1 -1 
-1 -1 -1 -1 -1 
-1 -1 -1 -1 -1 
-1 -1 -1 -1 -1 
148.911 74.9523 220.6 344.512 0.957999 
99.9033 178.518 155.862 349.0 0.679543 
74.2112 175.054 280.742 349.0 0.445697 
161.738 253.463 235.943 349.0 0.415787 
0.0 166.156 109.003 349.0 0.245992 
111.789 177.916 241.586 252.49 0.136434 
137.52 90.3489 270.056 177.446 0.129949 
134.286 217.084 185.502 349.0 0.110058 
-1 -1 -1 -1 -1 
-1 -1 -1 -1 -1 
124.571 83.9491 229.48 349.0 0.713085 
176.232 170.878 222.31 345.076 0.196197 
122.104 183.438 191.713 334.861 0.140421 
216.773 55.7575 345.826 349.0 0.118568 
-1 -1 -1 -1 -1 
-1 -1 -1 -1 -1 
-1 -1 -1 -1 -1 
-1 -1 -1 -1 -1 
-1 -1 -1 -1 -1 
-1 -1 -1 -1 -1 
131.161 51.5309 218.883 317.443 0.968826 
93.6507 110.785 212.001 193.329 0.265252 
118.499 80.1288 244.531 154.786 0.208115 
76.7335 204.082 308.186 339.044 0.141545 
80.1223 120.781 137.672 248.588 0.109742 
39.9312 79.4753 140.444 170.167 0.104393 
-1 -1 -1 -1 -1 
-1 -1 -1 -1 -1 
-1 -1 -1 -1 -1 
-1 -1 -1 -1 -1 
112.007 92.8406 226.609 305.793 0.418811 
16.3052 94.6904 258.333 284.187 0.105166 
-1 -1 -1 -1 -1 
-1 -1 -1 -1 -1 
-1 -1 -1 -1 -1 
-1 -1 -1 -1 -1 
-1 -1 -1 -1 -1 
-1 -1 -1 -1 -1 
-1 -1 -1 -1 -1 
-1 -1 -1 -1 -1 
143.557 63.0888 238.274 342.163 0.915526 
125.336 134.886 165.547 349.0 0.195422 
70.9756 28.5725 161.226 349.0 0.166934 
216.098 45.5307 282.132 334.736 0.16273 
-1 -1 -1 -1 -1 
-1 -1 -1 -1 -1 
-1 -1 -1 -1 -1 
-1 -1 -1 -1 -1 
-1 -1 -1 -1 -1 
-1 -1 -1 -1 -1 
117.724 165.79 313.483 320.37 0.878765 
273.087 153.575 318.458 349.0 0.674812 
121.102 114.76 184.007 328.662 0.436137 
122.505 79.3631 251.989 211.514 0.375021 
5.12068 208.681 112.792 348.731 0.264633 
179.989 148.239 236.281 336.149 0.123645 
0.20777 240.264 53.9503 315.453 0.118185 
0.0 206.86 104.066 349.0 0.116581 
296.569 159.649 328.613 289.467 0.106215 
-1 -1 -1 -1 -1 
116.824 60.3299 229.584 330.329 0.866677 
55.3066 154.093 123.363 344.301 0.234415 
118.903 86.8203 249.721 159.219 0.220972 
207.515 1.57896 283.935 349.0 0.187036 
-1 -1 -1 -1 -1 
-1 -1 -1 -1 -1 
-1 -1 -1 -1 -1 
-1 -1 -1 -1 -1 
-1 -1 -1 -1 -1 
-1 -1 -1 -1 -1 
121.241 70.6695 237.851 335.251 0.862637 
180.218 132.892 227.319 319.252 0.164036 
124.437 169.141 180.522 327.963 0.128965 
-1 -1 -1 -1 -1 
-1 -1 -1 -1 -1 
-1 -1 -1 -1 -1 
-1 -1 -1 -1 -1 
-1 -1 -1 -1 -1 
-1 -1 -1 -1 -1 
-1 -1 -1 -1 -1 
103.727 86.3763 253.839 349.0 0.76717 
109.044 169.185 174.071 340.331 0.231479 
108.337 126.351 245.942 202.011 0.160541 
-1 -1 -1 -1 -1 
-1 -1 -1 -1 -1 
-1 -1 -1 -1 -1 
-1 -1 -1 -1 -1 
-1 -1 -1 -1 -1 
-1 -1 -1 -1 -1 
-1 -1 -1 -1 -1 
147.837 80.2291 235.273 343.031 0.855351 
94.0597 51.6088 163.363 265.439 0.378123 
134.4 115.939 275.032 200.376 0.286159 
0.0 0.0 112.257 327.546 0.278479 
223.232 76.7899 311.412 267.13 0.173698 
149.243 271.849 254.348 322.554 0.12152 
17.8525 57.0584 274.8 347.174 0.100885 
-1 -1 -1 -1 -1 
-1 -1 -1 -1 -1 
-1 -1 -1 -1 -1 
119.133 100.279 230.771 331.189 0.690837 
124.959 216.978 222.44 287.05 0.112517 
114.032 145.701 227.434 215.506 0.100403 
-1 -1 -1 -1 -1 
-1 -1 -1 -1 -1 
-1 -1 -1 -1 -1 
-1 -1 -1 -1 -1 
-1 -1 -1 -1 -1 
-1 -1 -1 -1 -1 
-1 -1 -1 -1 -1 
112.865 54.6148 211.352 325.282 0.97256 
130.739 82.2447 172.292 262.435 0.248302 
74.936 72.0011 141.32 349.0 0.189816 
-1 -1 -1 -1 -1 
-1 -1 -1 -1 -1 
-1 -1 -1 -1 -1 
-1 -1 -1 -1 -1 
-1 -1 -1 -1 -1 
-1 -1 -1 -1 -1 
-1 -1 -1 -1 -1 
108.446 104.146 238.409 293.127 0.916888 
197.411 83.786 306.535 312.937 0.121016 
-1 -1 -1 -1 -1 
-1 -1 -1 -1 -1 
-1 -1 -1 -1 -1 
-1 -1 -1 -1 -1 
-1 -1 -1 -1 -1 
-1 -1 -1 -1 -1 
-1 -1 -1 -1 -1 
-1 -1 -1 -1 -1 
135.843 75.4893 216.3 326.724 0.982842 
114.409 93.8464 217.335 172.22 0.420131 
118.109 193.333 230.101 272.469 0.170908 
-1 -1 -1 -1 -1 
-1 -1 -1 -1 -1 
-1 -1 -1 -1 -1 
-1 -1 -1 -1 -1 
-1 -1 -1 -1 -1 
-1 -1 -1 -1 -1 
-1 -1 -1 -1 -1 
130.34 55.6444 226.135 347.363 0.951896 
46.689 78.5927 138.425 347.899 0.105124 
-1 -1 -1 -1 -1 
-1 -1 -1 -1 -1 
-1 -1 -1 -1 -1 
-1 -1 -1 -1 -1 
-1 -1 -1 -1 -1 
-1 -1 -1 -1 -1 
-1 -1 -1 -1 -1 
-1 -1 -1 -1 -1 
151.352 54.7664 206.379 312.56 0.878824 
106.659 51.7748 305.142 349.0 0.126174 
-1 -1 -1 -1 -1 
-1 -1 -1 -1 -1 
-1 -1 -1 -1 -1 
-1 -1 -1 -1 -1 
-1 -1 -1 -1 -1 
-1 -1 -1 -1 -1 
-1 -1 -1 -1 -1 
-1 -1 -1 -1 -1 
105.671 161.701 228.572 328.103 0.349315 
-1 -1 -1 -1 -1 
-1 -1 -1 -1 -1 
-1 -1 -1 -1 -1 
-1 -1 -1 -1 -1 
-1 -1 -1 -1 -1 
-1 -1 -1 -1 -1 
-1 -1 -1 -1 -1 
-1 -1 -1 -1 -1 
-1 -1 -1 -1 -1 
173.697 47.4258 249.932 302.608 0.961554 
27.3046 52.4232 181.317 277.624 0.939304 
2.24409 43.9486 76.7494 278.765 0.836973 
277.272 30.1828 342.652 267.41 0.776457 
144.741 41.3728 339.104 187.466 0.379928 
56.4108 55.4147 170.276 124.98 0.377798 
144.529 32.078 192.451 277.604 0.239582 
95.0524 74.7295 163.705 187.873 0.114524 
229.84 69.5586 294.674 311.742 0.105772 
-1 -1 -1 -1 -1 
133.71 53.2299 232.285 341.78 0.954204 
124.121 155.446 241.451 219.469 0.200116 
132.813 209.602 227.252 286.078 0.140288 
-1 -1 -1 -1 -1 
-1 -1 -1 -1 -1 
-1 -1 -1 -1 -1 
-1 -1 -1 -1 -1 
-1 -1 -1 -1 -1 
-1 -1 -1 -1 -1 
-1 -1 -1 -1 -1 
124.509 84.3773 232.969 324.478 0.943556 
26.2451 58.1215 108.645 349.0 0.356796 
-1 -1 -1 -1 -1 
-1 -1 -1 -1 -1 
-1 -1 -1 -1 -1 
-1 -1 -1 -1 -1 
-1 -1 -1 -1 -1 
-1 -1 -1 -1 -1 
-1 -1 -1 -1 -1 
-1 -1 -1 -1 -1 
115.792 69.7123 229.627 349.0 0.990401 
39.9635 0.0 110.476 245.738 0.18157 
116.642 84.8155 218.908 174.052 0.100784 
-1 -1 -1 -1 -1 
-1 -1 -1 -1 -1 
-1 -1 -1 -1 -1 
-1 -1 -1 -1 -1 
-1 -1 -1 -1 -1 
-1 -1 -1 -1 -1 
-1 -1 -1 -1 -1 
104.154 84.9987 220.119 342.485 0.916018 
119.152 187.607 235.913 273.078 0.191492 
113.164 102.352 220.846 172.137 0.102156 
-1 -1 -1 -1 -1 
-1 -1 -1 -1 -1 
-1 -1 -1 -1 -1 
-1 -1 -1 -1 -1 
-1 -1 -1 -1 -1 
-1 -1 -1 -1 -1 
-1 -1 -1 -1 -1 
116.343 65.9825 217.085 334.375 0.449247 
196.982 29.3468 345.618 349.0 0.35815 
51.3771 62.5733 133.132 340.01 0.185217 
115.504 165.618 197.737 256.107 0.144548 
-1 -1 -1 -1 -1 
-1 -1 -1 -1 -1 
-1 -1 -1 -1 -1 
-1 -1 -1 -1 -1 
-1 -1 -1 -1 -1 
-1 -1 -1 -1 -1 
127.066 57.4449 228.109 301.061 0.952648 
3.43277 0.0 149.04 349.0 0.257042 
117.948 210.428 214.258 318.967 0.186487 
200.282 70.0661 293.442 349.0 0.181332 
0.0 11.4769 136.22 109.524 0.161486 
129.654 97.959 223.214 168.242 0.128288 
-1 -1 -1 -1 -1 
-1 -1 -1 -1 -1 
-1 -1 -1 -1 -1 
-1 -1 -1 -1 -1 
134.42 83.1687 232.074 349.0 0.871344 
-1 -1 -1 -1 -1 
-1 -1 -1 -1 -1 
-1 -1 -1 -1 -1 
-1 -1 -1 -1 -1 
-1 -1 -1 -1 -1 
-1 -1 -1 -1 -1 
-1 -1 -1 -1 -1 
-1 -1 -1 -1 -1 
-1 -1 -1 -1 -1 
137.725 72.1974 244.276 339.708 0.971295 
153.928 174.269 251.062 266.658 0.612016 
147.99 157.429 189.572 312.297 0.289874 
153.201 93.6289 237.31 178.197 0.269264 
114.965 75.2422 177.329 320.531 0.243718 
218.579 0.0 321.615 349.0 0.131666 
129.935 218.235 273.284 301.556 0.126443 
97.0042 50.7729 285.877 174.452 0.103379 
-1 -1 -1 -1 -1 
-1 -1 -1 -1 -1 
135.067 73.4598 273.716 349.0 0.923767 
118.183 46.3405 330.951 349.0 0.201525 
-1 -1 -1 -1 -1 
-1 -1 -1 -1 -1 
-1 -1 -1 -1 -1 
-1 -1 -1 -1 -1 
-1 -1 -1 -1 -1 
-1 -1 -1 -1 -1 
-1 -1 -1 -1 -1 
-1 -1 -1 -1 -1 
137.186 80.0728 222.948 336.652 0.94647 
-1 -1 -1 -1 -1 
-1 -1 -1 -1 -1 
-1 -1 -1 -1 -1 
-1 -1 -1 -1 -1 
-1 -1 -1 -1 -1 
-1 -1 -1 -1 -1 
-1 -1 -1 -1 -1 
-1 -1 -1 -1 -1 
-1 -1 -1 -1 -1 
143.483 72.6845 228.135 346.753 0.98991 
142.166 89.9769 266.142 179.674 0.877258 
137.849 187.904 247.381 276.319 0.530075 
72.1181 46.8226 177.864 344.957 0.330997 
63.6631 288.147 75.8913 349.0 0.199259 
67.5043 213.74 108.768 349.0 0.150992 
192.248 173.77 226.251 295.629 0.136973 
158.302 103.242 176.341 159.68 0.1158 
-1 -1 -1 -1 -1 
-1 -1 -1 -1 -1 
132.906 92.6995 227.04 341.663 0.565043 
-1 -1 -1 -1 -1 
-1 -1 -1 -1 -1 
-1 -1 -1 -1 -1 
-1 -1 -1 -1 -1 
-1 -1 -1 -1 -1 
-1 -1 -1 -1 -1 
-1 -1 -1 -1 -1 
-1 -1 -1 -1 -1 
-1 -1 -1 -1 -1 
107.303 67.6241 221.294 321.372 0.96682 
208.643 99.8795 268.142 349.0 0.240081 
267.812 133.186 310.252 219.407 0.102128 
306.8 149.166 344.483 215.912 0.101528 
-1 -1 -1 -1 -1 
-1 -1 -1 -1 -1 
-1 -1 -1 -1 -1 
-1 -1 -1 -1 -1 
-1 -1 -1 -1 -1 
-1 -1 -1 -1 -1 
130.572 65.8112 221.0 339.383 0.959157 
18.6458 20.8812 148.068 334.295 0.46447 
210.82 35.9586 349.0 343.862 0.250625 
188.475 36.0525 349.0 349.0 0.155193 
4.69341 220.258 144.436 311.961 0.10911 
-1 -1 -1 -1 -1 
-1 -1 -1 -1 -1 
-1 -1 -1 -1 -1 
-1 -1 -1 -1 -1 
-1 -1 -1 -1 -1 
137.213 99.4517 201.905 349.0 0.967265 
167.48 80.113 248.341 349.0 0.26075 
18.3958 106.846 292.44 349.0 0.107136 
-1 -1 -1 -1 -1 
-1 -1 -1 -1 -1 
-1 -1 -1 -1 -1 
-1 -1 -1 -1 -1 
-1 -1 -1 -1 -1 
-1 -1 -1 -1 -1 
-1 -1 -1 -1 -1 
126.08 64.3948 223.633 303.184 0.965712 
51.4943 172.979 140.457 291.195 0.271385 
103.018 73.5155 334.326 238.799 0.247119 
0.0 41.9674 103.164 228.155 0.150022 
-1 -1 -1 -1 -1 
-1 -1 -1 -1 -1 
-1 -1 -1 -1 -1 
-1 -1 -1 -1 -1 
-1 -1 -1 -1 -1 
-1 -1 -1 -1 -1 
106.1 79.3741 242.467 306.871 0.950289 
-1 -1 -1 -1 -1 
-1 -1 -1 -1 -1 
-1 -1 -1 -1 -1 
-1 -1 -1 -1 -1 
-1 -1 -1 -1 -1 
-1 -1 -1 -1 -1 
-1 -1 -1 -1 -1 
-1 -1 -1 -1 -1 
-1 -1 -1 -1 -1 
128.292 60.5171 234.589 349.0 0.975401 
131.96 193.0 250.872 274.72 0.773585 
108.03 91.4034 247.823 182.878 0.207198 
122.923 234.209 266.333 329.921 0.15447 
92.8816 144.187 159.493 349.0 0.118629 
-1 -1 -1 -1 -1 
-1 -1 -1 -1 -1 
-1 -1 -1 -1 -1 
-1 -1 -1 -1 -1 
-1 -1 -1 -1 -1 
122.321 60.0966 220.23 324.497 0.744186 
149.638 81.7557 320.036 216.119 0.284833 
13.3081 34.9719 165.518 340.821 0.184404 
-1 -1 -1 -1 -1 
-1 -1 -1 -1 -1 
-1 -1 -1 -1 -1 
-1 -1 -1 -1 -1 
-1 -1 -1 -1 -1 
-1 -1 -1 -1 -1 
-1 -1 -1 -1 -1 
113.493 37.8126 226.483 349.0 0.98643 
236.071 7.58371 345.775 349.0 0.295076 
109.999 218.757 226.367 306.531 0.220735 
120.534 79.4623 219.797 167.245 0.203009 
175.458 32.2355 339.969 349.0 0.113714 
-1 -1 -1 -1 -1 
-1 -1 -1 -1 -1 
-1 -1 -1 -1 -1 
-1 -1 -1 -1 -1 
-1 -1 -1 -1 -1 
112.696 79.009 239.209 333.325 0.586814 
164.485 129.063 218.733 304.533 0.101031 
-1 -1 -1 -1 -1 
-1 -1 -1 -1 -1 
-1 -1 -1 -1 -1 
-1 -1 -1 -1 -1 
-1 -1 -1 -1 -1 
-1 -1 -1 -1 -1 
-1 -1 -1 -1 -1 
-1 -1 -1 -1 -1 
103.114 100.429 266.464 346.604 0.310763 
45.8363 42.7767 329.294 349.0 0.104921 
-1 -1 -1 -1 -1 
-1 -1 -1 -1 -1 
-1 -1 -1 -1 -1 
-1 -1 -1 -1 -1 
-1 -1 -1 -1 -1 
-1 -1 -1 -1 -1 
-1 -1 -1 -1 -1 
-1 -1 -1 -1 -1 
138.263 69.1284 221.07 326.287 0.96737 
143.821 141.601 250.623 220.657 0.192739 
206.515 98.9322 261.453 349.0 0.12074 
-1 -1 -1 -1 -1 
-1 -1 -1 -1 -1 
-1 -1 -1 -1 -1 
-1 -1 -1 -1 -1 
-1 -1 -1 -1 -1 
-1 -1 -1 -1 -1 
-1 -1 -1 -1 -1 
119.134 54.424 231.598 349.0 0.889482 
72.8126 138.638 145.659 336.676 0.121058 
-1 -1 -1 -1 -1 
-1 -1 -1 -1 -1 
-1 -1 -1 -1 -1 
-1 -1 -1 -1 -1 
-1 -1 -1 -1 -1 
-1 -1 -1 -1 -1 
-1 -1 -1 -1 -1 
-1 -1 -1 -1 -1 
103.349 61.2244 214.067 349.0 0.971908 
194.065 73.2288 282.424 344.837 0.59916 
130.849 79.9681 188.261 232.829 0.183664 
54.3524 32.1601 147.279 339.984 0.16867 
238.056 180.773 276.969 232.723 0.127057 
128.29 124.962 302.708 222.68 0.113316 
-1 -1 -1 -1 -1 
-1 -1 -1 -1 -1 
-1 -1 -1 -1 -1 
-1 -1 -1 -1 -1 
122.661 55.2626 193.781 310.069 0.910014 
114.061 81.2219 227.653 154.636 0.665052 
139.623 46.0277 286.131 267.007 0.633938 
70.0282 53.0379 140.096 252.636 0.217136 
108.225 27.8692 308.68 349.0 0.182915 
-1 -1 -1 -1 -1 
-1 -1 -1 -1 -1 
-1 -1 -1 -1 -1 
-1 -1 -1 -1 -1 
-1 -1 -1 -1 -1 
110.785 101.112 224.399 329.909 0.863578 
-1 -1 -1 -1 -1 
-1 -1 -1 -1 -1 
-1 -1 -1 -1 -1 
-1 -1 -1 -1 -1 
-1 -1 -1 -1 -1 
-1 -1 -1 -1 -1 
-1 -1 -1 -1 -1 
-1 -1 -1 -1 -1 
-1 -1 -1 -1 -1 
68.3603 0.0 179.058 349.0 0.824915 
176.032 8.61935 259.171 349.0 0.341942 
221.814 0.0 321.83 346.336 0.209781 
-1 -1 -1 -1 -1 
-1 -1 -1 -1 -1 
-1 -1 -1 -1 -1 
-1 -1 -1 -1 -1 
-1 -1 -1 -1 -1 
-1 -1 -1 -1 -1 
-1 -1 -1 -1 -1 
131.377 80.8085 225.051 293.028 0.982162 
226.979 47.205 300.906 349.0 0.5092 
148.112 225.652 234.831 324.361 0.377479 
44.6697 92.5154 132.272 349.0 0.139277 
224.526 177.672 256.93 341.452 0.101163 
-1 -1 -1 -1 -1 
-1 -1 -1 -1 -1 
-1 -1 -1 -1 -1 
-1 -1 -1 -1 -1 
-1 -1 -1 -1 -1 
119.618 88.0023 232.443 348.835 0.982548 
134.636 133.574 177.803 334.681 0.377197 
134.184 165.252 236.24 250.717 0.258773 
119.122 116.854 153.548 199.177 0.117719 
64.3051 32.0857 153.951 349.0 0.107386 
-1 -1 -1 -1 -1 
-1 -1 -1 -1 -1 
-1 -1 -1 -1 -1 
-1 -1 -1 -1 -1 
-1 -1 -1 -1 -1 
132.619 29.0778 208.54 287.269 0.919759 
151.579 24.2536 319.027 346.838 0.15812 
128.743 84.7691 199.618 147.881 0.150128 
-1 -1 -1 -1 -1 
-1 -1 -1 -1 -1 
-1 -1 -1 -1 -1 
-1 -1 -1 -1 -1 
-1 -1 -1 -1 -1 
-1 -1 -1 -1 -1 
-1 -1 -1 -1 -1 
121.147 52.1797 213.814 349.0 0.972277 
107.416 101.261 217.197 166.705 0.611675 
134.208 105.898 178.414 285.409 0.36384 
58.7044 47.8206 150.859 349.0 0.111869 
-1 -1 -1 -1 -1 
-1 -1 -1 -1 -1 
-1 -1 -1 -1 -1 
-1 -1 -1 -1 -1 
-1 -1 -1 -1 -1 
-1 -1 -1 -1 -1 
114.17 85.1219 214.399 296.901 0.917904 
4.92218 54.6994 129.915 349.0 0.8465 
122.41 91.4272 200.322 160.5 0.612098 
154.283 42.2873 328.702 346.145 0.196282 
186.97 165.863 217.565 307.388 0.127353 
-1 -1 -1 -1 -1 
-1 -1 -1 -1 -1 
-1 -1 -1 -1 -1 
-1 -1 -1 -1 -1 
-1 -1 -1 -1 -1 
127.027 62.9954 225.001 310.423 0.847649 
132.089 58.5298 237.587 143.322 0.309287 
-1 -1 -1 -1 -1 
-1 -1 -1 -1 -1 
-1 -1 -1 -1 -1 
-1 -1 -1 -1 -1 
-1 -1 -1 -1 -1 
-1 -1 -1 -1 -1 
-1 -1 -1 -1 -1 
-1 -1 -1 -1 -1 
118.912 83.9668 261.047 347.106 0.89157 
136.745 136.117 187.844 342.135 0.100597 
-1 -1 -1 -1 -1 
-1 -1 -1 -1 -1 
-1 -1 -1 -1 -1 
-1 -1 -1 -1 -1 
-1 -1 -1 -1 -1 
-1 -1 -1 -1 -1 
-1 -1 -1 -1 -1 
-1 -1 -1 -1 -1 
135.185 96.7046 219.808 339.278 0.948887 
92.8955 68.2991 247.612 200.763 0.160285 
-1 -1 -1 -1 -1 
-1 -1 -1 -1 -1 
-1 -1 -1 -1 -1 
-1 -1 -1 -1 -1 
-1 -1 -1 -1 -1 
-1 -1 -1 -1 -1 
-1 -1 -1 -1 -1 
-1 -1 -1 -1 -1 
117.596 75.6182 217.577 339.488 0.873327 
82.8997 67.1705 332.016 347.172 0.100577 
-1 -1 -1 -1 -1 
-1 -1 -1 -1 -1 
-1 -1 -1 -1 -1 
-1 -1 -1 -1 -1 
-1 -1 -1 -1 -1 
-1 -1 -1 -1 -1 
-1 -1 -1 -1 -1 
-1 -1 -1 -1 -1 
134.591 78.2282 220.301 328.15 0.969067 
210.025 67.8285 293.123 349.0 0.23469 
65.8165 156.393 304.708 342.566 0.196273 
260.951 203.027 296.463 262.386 0.140056 
-1 -1 -1 -1 -1 
-1 -1 -1 -1 -1 
-1 -1 -1 -1 -1 
-1 -1 -1 -1 -1 
-1 -1 -1 -1 -1 
-1 -1 -1 -1 -1 
121.191 67.6199 228.723 348.683 0.988124 
122.572 109.818 225.94 188.621 0.588608 
233.183 37.1687 315.942 349.0 0.246364 
-1 -1 -1 -1 -1 
-1 -1 -1 -1 -1 
-1 -1 -1 -1 -1 
-1 -1 -1 -1 -1 
-1 -1 -1 -1 -1 
-1 -1 -1 -1 -1 
-1 -1 -1 -1 -1 
177.716 102.628 290.021 349.0 0.988707 
190.382 230.745 279.297 307.47 0.189314 
19.2431 56.9866 204.354 349.0 0.175045 
236.466 178.238 277.363 349.0 0.170967 
-1 -1 -1 -1 -1 
-1 -1 -1 -1 -1 
-1 -1 -1 -1 -1 
-1 -1 -1 -1 -1 
-1 -1 -1 -1 -1 
-1 -1 -1 -1 -1 
149.587 60.1104 210.77 261.652 0.92847 
55.8572 62.2627 198.463 339.135 0.167166 
108.657 85.1628 222.922 163.708 0.126387 
160.043 72.0466 321.61 349.0 0.10866 
-1 -1 -1 -1 -1 
-1 -1 -1 -1 -1 
-1 -1 -1 -1 -1 
-1 -1 -1 -1 -1 
-1 -1 -1 -1 -1 
-1 -1 -1 -1 -1 
133.534 71.1077 236.963 317.904 0.398867 
-1 -1 -1 -1 -1 
-1 -1 -1 -1 -1 
-1 -1 -1 -1 -1 
-1 -1 -1 -1 -1 
-1 -1 -1 -1 -1 
-1 -1 -1 -1 -1 
-1 -1 -1 -1 -1 
-1 -1 -1 -1 -1 
-1 -1 -1 -1 -1 
109.176 76.2128 197.069 305.279 0.978366 
84.5219 70.9655 226.029 150.648 0.162252 
86.5892 201.908 257.189 317.509 0.12844 
-1 -1 -1 -1 -1 
-1 -1 -1 -1 -1 
-1 -1 -1 -1 -1 
-1 -1 -1 -1 -1 
-1 -1 -1 -1 -1 
-1 -1 -1 -1 -1 
-1 -1 -1 -1 -1 
